game_id,data_set,date,a1,a2,a3,a4,a5,h1,h2,h3,h4,h5,period,away_score,home_score,remaining_time,elapsed,play_length,play_id,team,event_type,assist,away,home,block,entered,left,num,opponent,outof,player,points,possession,reason,result,steal,type,shot_distance,original_x,original_y,converted_x,converted_y,description
"=""0021700240""",2017-2018 Regular Season,2017-11-19,Wilson Chandler,Paul Millsap,Nikola Jokic,Gary Harris,Jamal Murray,Brandon Ingram,Kyle Kuzma,Brook Lopez,Kentavious Caldwell-Pope,Lonzo Ball,1,0,0,00:12:00,00:00:00,00:00:00,2,,start of period,,,,,,,,,,,,,,,,start of period,,,,,,
"=""0021700240""",2017-2018 Regular Season,2017-11-19,Wilson Chandler,Paul Millsap,Nikola Jokic,Gary Harris,Jamal Murray,Brandon Ingram,Kyle Kuzma,Brook Lopez,Kentavious Caldwell-Pope,Lonzo Ball,1,0,0,00:12:00,00:00:00,00:00:00,4,LAL,jump ball,,Paul Millsap,Brook Lopez,,,,,,,Brook Lopez,,Lonzo Ball,,,,jump ball,,,,,,Jump Ball Lopez vs. Millsap: Tip to Ball
"=""0021700240""",2017-2018 Regular Season,2017-11-19,Wilson Chandler,Paul Millsap,Nikola Jokic,Gary Harris,Jamal Murray,Brandon Ingram,Kyle Kuzma,Brook Lopez,Kentavious Caldwell-Pope,Lonzo Ball,1,0,3,00:11:45,00:00:15,00:00:15,7,LAL,shot,Lonzo Ball,,,,,,,,,Kyle Kuzma,3,,,made,,Jump Shot,27,-105,251,14.5,63.9,Kuzma 27' 3PT Jump Shot (3 PTS) (Ball 1 AST)
"=""0021700240""",2017-2018 Regular Season,2017-11-19,Wilson Chandler,Paul Millsap,Nikola Jokic,Gary Harris,Jamal Murray,Brandon Ingram,Kyle Kuzma,Brook Lopez,Kentavious Caldwell-Pope,Lonzo Ball,1,0,3,00:11:34,00:00:26,00:00:11,9,DEN,turnover,,,,,,,,,,Wilson Chandler,,,traveling ,,,traveling ,,,,,,Chandler Traveling Turnover (P1.T1)
"=""0021700240""",2017-2018 Regular Season,2017-11-19,Wilson Chandler,Paul Millsap,Nikola Jokic,Gary Harris,Jamal Murray,Brandon Ingram,Kyle Kuzma,Brook Lopez,Kentavious Caldwell-Pope,Lonzo Ball,1,0,3,00:11:20,00:00:40,00:00:14,11,LAL,miss,,,,,,,,,,Lonzo Ball,0,,,missed,,Jump Shot,26,143,214,39.3,67.6,MISS Ball 26' 3PT Jump Shot
"=""0021700240""",2017-2018 Regular Season,2017-11-19,Wilson Chandler,Paul Millsap,Nikola Jokic,Gary Harris,Jamal Murray,Brandon Ingram,Kyle Kuzma,Brook Lopez,Kentavious Caldwell-Pope,Lonzo Ball,1,0,3,00:11:16,00:00:44,00:00:04,12,DEN,rebound,,,,,,,,,,Paul Millsap,,,,,,rebound defensive,,,,,,Millsap REBOUND (Off:0 Def:1)
"=""0021700240""",2017-2018 Regular Season,2017-11-19,Wilson Chandler,Paul Millsap,Nikola Jokic,Gary Harris,Jamal Murray,Brandon Ingram,Kyle Kuzma,Brook Lopez,Kentavious Caldwell-Pope,Lonzo Ball,1,0,3,00:11:07,00:00:53,00:00:09,13,DEN,miss,,,,,,,,,,Jamal Murray,0,,,missed,,Jump Shot,27,-163,210,41.3,26.0,MISS Murray 27' 3PT Jump Shot
"=""0021700240""",2017-2018 Regular Season,2017-11-19,Wilson Chandler,Paul Millsap,Nikola Jokic,Gary Harris,Jamal Murray,Brandon Ingram,Kyle Kuzma,Brook Lopez,Kentavious Caldwell-Pope,Lonzo Ball,1,0,3,00:11:02,00:00:58,00:00:05,14,LAL,rebound,,,,,,,,,,Brandon Ingram,,,,,,rebound defensive,,,,,,Ingram REBOUND (Off:0 Def:1)
"=""0021700240""",2017-2018 Regular Season,2017-11-19,Wilson Chandler,Paul Millsap,Nikola Jokic,Gary Harris,Jamal Murray,Brandon Ingram,Kyle Kuzma,Brook Lopez,Kentavious Caldwell-Pope,Lonzo Ball,1,0,3,00:11:00,00:01:00,00:00:02,16,DEN,foul,,,,,,,,Brook Lopez,,Nikola Jokic,,,p.foul,,,p.foul,,,,,,Jokic P.FOUL (P1.T1) (M.Ervin)
"=""0021700240""",2017-2018 Regular Season,2017-11-19,Wilson Chandler,Paul Millsap,Nikola Jokic,Gary Harris,Jamal Murray,Brandon Ingram,Kyle Kuzma,Brook Lopez,Kentavious Caldwell-Pope,Lonzo Ball,1,0,3,00:10:52,00:01:08,00:00:08,18,LAL,miss,,,,,,,,,,Kyle Kuzma,0,,,missed,,Jump Shot,21,-70,200,18.0,69.0,MISS Kuzma 21' Jump Shot
"=""0021700240""",2017-2018 Regular Season,2017-11-19,Wilson Chandler,Paul Millsap,Nikola Jokic,Gary Harris,Jamal Murray,Brandon Ingram,Kyle Kuzma,Brook Lopez,Kentavious Caldwell-Pope,Lonzo Ball,1,0,3,00:10:49,00:01:11,00:00:03,19,DEN,rebound,,,,,,,,,,Wilson Chandler,,,,,,rebound defensive,,,,,,Chandler REBOUND (Off:0 Def:1)
"=""0021700240""",2017-2018 Regular Season,2017-11-19,Wilson Chandler,Paul Millsap,Nikola Jokic,Gary Harris,Jamal Murray,Brandon Ingram,Kyle Kuzma,Brook Lopez,Kentavious Caldwell-Pope,Lonzo Ball,1,0,3,00:10:40,00:01:20,00:00:09,20,DEN,miss,,,,,,,,,,Nikola Jokic,0,,,missed,,Jump Shot,10,2,99,24.8,14.9,MISS Jokic 10' Jump Shot
"=""0021700240""",2017-2018 Regular Season,2017-11-19,Wilson Chandler,Paul Millsap,Nikola Jokic,Gary Harris,Jamal Murray,Brandon Ingram,Kyle Kuzma,Brook Lopez,Kentavious Caldwell-Pope,Lonzo Ball,1,0,3,00:10:31,00:01:29,00:00:09,21,DEN,rebound,,,,,,,,,,Paul Millsap,,,,,,rebound offensive,,,,,,Millsap REBOUND (Off:1 Def:1)
"=""0021700240""",2017-2018 Regular Season,2017-11-19,Wilson Chandler,Paul Millsap,Nikola Jokic,Gary Harris,Jamal Murray,Brandon Ingram,Kyle Kuzma,Brook Lopez,Kentavious Caldwell-Pope,Lonzo Ball,1,2,3,00:10:31,00:01:29,00:00:00,22,DEN,shot,,,,,,,,,,Paul Millsap,2,,,made,,unknown,1,0,-6,25.0,4.4,Millsap 1' Tip Layup Shot (2 PTS)
"=""0021700240""",2017-2018 Regular Season,2017-11-19,Wilson Chandler,Paul Millsap,Nikola Jokic,Gary Harris,Jamal Murray,Brandon Ingram,Kyle Kuzma,Brook Lopez,Kentavious Caldwell-Pope,Lonzo Ball,1,2,3,00:10:19,00:01:41,00:00:12,23,LAL,miss,,,,,,,,,,Brook Lopez,0,,,missed,,Driving Hook Shot,3,1,27,25.1,86.3,MISS Lopez 3' Driving Hook Shot
"=""0021700240""",2017-2018 Regular Season,2017-11-19,Wilson Chandler,Paul Millsap,Nikola Jokic,Gary Harris,Jamal Murray,Brandon Ingram,Kyle Kuzma,Brook Lopez,Kentavious Caldwell-Pope,Lonzo Ball,1,2,3,00:10:17,00:01:43,00:00:02,24,DEN,rebound,,,,,,,,,,Nikola Jokic,,,,,,rebound defensive,,,,,,Jokic REBOUND (Off:0 Def:1)
"=""0021700240""",2017-2018 Regular Season,2017-11-19,Wilson Chandler,Paul Millsap,Nikola Jokic,Gary Harris,Jamal Murray,Brandon Ingram,Kyle Kuzma,Brook Lopez,Kentavious Caldwell-Pope,Lonzo Ball,1,2,3,00:10:07,00:01:53,00:00:10,25,LAL,foul,,,,,,,,Wilson Chandler,,Lonzo Ball,,,s.foul,,,s.foul,,,,,,Ball S.FOUL (P1.T1) (K.Lane)
"=""0021700240""",2017-2018 Regular Season,2017-11-19,Wilson Chandler,Paul Millsap,Nikola Jokic,Gary Harris,Jamal Murray,Brandon Ingram,Kyle Kuzma,Brook Lopez,Kentavious Caldwell-Pope,Lonzo Ball,1,3,3,00:10:07,00:01:53,00:00:00,27,DEN,free throw,,,,,,,1,,2,Wilson Chandler,1,,,made,,Free Throw 1 of 2,,,,,,Chandler Free Throw 1 of 2 (1 PTS)
"=""0021700240""",2017-2018 Regular Season,2017-11-19,Wilson Chandler,Paul Millsap,Nikola Jokic,Gary Harris,Jamal Murray,Brandon Ingram,Kyle Kuzma,Brook Lopez,Kentavious Caldwell-Pope,Lonzo Ball,1,4,3,00:10:07,00:01:53,00:00:00,28,DEN,free throw,,,,,,,2,,2,Wilson Chandler,1,,,made,,Free Throw 2 of 2,,,,,,Chandler Free Throw 2 of 2 (2 PTS)
"=""0021700240""",2017-2018 Regular Season,2017-11-19,Wilson Chandler,Paul Millsap,Nikola Jokic,Gary Harris,Jamal Murray,Brandon Ingram,Kyle Kuzma,Brook Lopez,Kentavious Caldwell-Pope,Lonzo Ball,1,4,3,00:10:01,00:01:59,00:00:06,29,LAL,miss,,,,,,,,,,Kentavious Caldwell-Pope,0,,,missed,,Jump Shot,26,-173,190,7.7,70.0,MISS Caldwell-Pope 26' 3PT Jump Shot
"=""0021700240""",2017-2018 Regular Season,2017-11-19,Wilson Chandler,Paul Millsap,Nikola Jokic,Gary Harris,Jamal Murray,Brandon Ingram,Kyle Kuzma,Brook Lopez,Kentavious Caldwell-Pope,Lonzo Ball,1,4,3,00:09:56,00:02:04,00:00:05,30,LAL,rebound,,,,,,,,,,Kyle Kuzma,,,,,,rebound offensive,,,,,,Kuzma REBOUND (Off:1 Def:0)
"=""0021700240""",2017-2018 Regular Season,2017-11-19,Wilson Chandler,Paul Millsap,Nikola Jokic,Gary Harris,Jamal Murray,Brandon Ingram,Kyle Kuzma,Brook Lopez,Kentavious Caldwell-Pope,Lonzo Ball,1,4,5,00:09:54,00:02:06,00:00:02,31,LAL,shot,,,,,,,,,,Kyle Kuzma,2,,,made,,Pullup Jump Shot,18,30,174,28.0,71.6,Kuzma 18' Pullup Jump Shot (5 PTS)
"=""0021700240""",2017-2018 Regular Season,2017-11-19,Wilson Chandler,Paul Millsap,Nikola Jokic,Gary Harris,Jamal Murray,Brandon Ingram,Kyle Kuzma,Brook Lopez,Kentavious Caldwell-Pope,Lonzo Ball,1,4,5,00:09:40,00:02:20,00:00:14,32,DEN,miss,,,,,,,,,,Gary Harris,0,,,missed,,unknown,3,18,21,23.2,7.1,MISS Harris 3' Driving Layup
"=""0021700240""",2017-2018 Regular Season,2017-11-19,Wilson Chandler,Paul Millsap,Nikola Jokic,Gary Harris,Jamal Murray,Brandon Ingram,Kyle Kuzma,Brook Lopez,Kentavious Caldwell-Pope,Lonzo Ball,1,4,5,00:09:37,00:02:23,00:00:03,33,DEN,rebound,,,,,,,,,,Gary Harris,,,,,,rebound offensive,,,,,,Harris REBOUND (Off:1 Def:0)
"=""0021700240""",2017-2018 Regular Season,2017-11-19,Wilson Chandler,Paul Millsap,Nikola Jokic,Gary Harris,Jamal Murray,Brandon Ingram,Kyle Kuzma,Brook Lopez,Kentavious Caldwell-Pope,Lonzo Ball,1,4,5,00:09:35,00:02:25,00:00:02,34,LAL,foul,,,,,,,,Jamal Murray,,Brook Lopez,,,s.foul,,,s.foul,,,,,,Lopez S.FOUL (P1.T2) (M.Ervin)
"=""0021700240""",2017-2018 Regular Season,2017-11-19,Wilson Chandler,Paul Millsap,Nikola Jokic,Gary Harris,Jamal Murray,Brandon Ingram,Kyle Kuzma,Brook Lopez,Kentavious Caldwell-Pope,Lonzo Ball,1,5,5,00:09:35,00:02:25,00:00:00,36,DEN,free throw,,,,,,,1,,2,Jamal Murray,1,,,made,,Free Throw 1 of 2,,,,,,Murray Free Throw 1 of 2 (1 PTS)
"=""0021700240""",2017-2018 Regular Season,2017-11-19,Wilson Chandler,Paul Millsap,Nikola Jokic,Gary Harris,Jamal Murray,Brandon Ingram,Kyle Kuzma,Brook Lopez,Kentavious Caldwell-Pope,Lonzo Ball,1,6,5,00:09:35,00:02:25,00:00:00,37,DEN,free throw,,,,,,,2,,2,Jamal Murray,1,,,made,,Free Throw 2 of 2,,,,,,Murray Free Throw 2 of 2 (2 PTS)
"=""0021700240""",2017-2018 Regular Season,2017-11-19,Wilson Chandler,Paul Millsap,Nikola Jokic,Gary Harris,Jamal Murray,Brandon Ingram,Kyle Kuzma,Brook Lopez,Kentavious Caldwell-Pope,Lonzo Ball,1,6,8,00:09:11,00:02:49,00:00:24,39,LAL,shot,Lonzo Ball,,,,,,,,,Brook Lopez,3,,,made,,Jump Shot,24,-231,73,1.9,81.7,Lopez 24' 3PT Jump Shot (3 PTS) (Ball 2 AST)
"=""0021700240""",2017-2018 Regular Season,2017-11-19,Wilson Chandler,Paul Millsap,Nikola Jokic,Gary Harris,Jamal Murray,Brandon Ingram,Kyle Kuzma,Brook Lopez,Kentavious Caldwell-Pope,Lonzo Ball,1,6,8,00:09:00,00:03:00,00:00:11,41,DEN,miss,,,,,,,,,,Wilson Chandler,0,,,missed,,Jump Shot,25,-2,254,25.2,30.4,MISS Chandler 25' 3PT Jump Shot
"=""0021700240""",2017-2018 Regular Season,2017-11-19,Wilson Chandler,Paul Millsap,Nikola Jokic,Gary Harris,Jamal Murray,Brandon Ingram,Kyle Kuzma,Brook Lopez,Kentavious Caldwell-Pope,Lonzo Ball,1,6,8,00:08:58,00:03:02,00:00:02,42,LAL,rebound,,,,,,,,,,Kyle Kuzma,,,,,,rebound defensive,,,,,,Kuzma REBOUND (Off:1 Def:1)
"=""0021700240""",2017-2018 Regular Season,2017-11-19,Wilson Chandler,Paul Millsap,Nikola Jokic,Gary Harris,Jamal Murray,Brandon Ingram,Kyle Kuzma,Brook Lopez,Kentavious Caldwell-Pope,Lonzo Ball,1,6,8,00:08:53,00:03:07,00:00:05,43,LAL,miss,,,,,,,,,,Kyle Kuzma,0,,,missed,,Running Layup,1,-4,11,24.6,87.9,MISS Kuzma 1' Running Layup
"=""0021700240""",2017-2018 Regular Season,2017-11-19,Wilson Chandler,Paul Millsap,Nikola Jokic,Gary Harris,Jamal Murray,Brandon Ingram,Kyle Kuzma,Brook Lopez,Kentavious Caldwell-Pope,Lonzo Ball,1,6,8,00:08:50,00:03:10,00:00:03,44,DEN,rebound,,,,,,,,,,Jamal Murray,,,,,,rebound defensive,,,,,,Murray REBOUND (Off:0 Def:1)
"=""0021700240""",2017-2018 Regular Season,2017-11-19,Wilson Chandler,Paul Millsap,Nikola Jokic,Gary Harris,Jamal Murray,Brandon Ingram,Kyle Kuzma,Brook Lopez,Kentavious Caldwell-Pope,Lonzo Ball,1,6,8,00:08:46,00:03:14,00:00:04,45,DEN,turnover,,,,,,,,,,Jamal Murray,,,bad pass ,,Kentavious Caldwell-Pope,bad pass ,,,,,,"Murray Bad Pass Turnover (P1.T2), Caldwell-Pope STEAL (1 STL)"
"=""0021700240""",2017-2018 Regular Season,2017-11-19,Wilson Chandler,Paul Millsap,Nikola Jokic,Gary Harris,Jamal Murray,Brandon Ingram,Kyle Kuzma,Brook Lopez,Kentavious Caldwell-Pope,Lonzo Ball,1,6,8,00:08:38,00:03:22,00:00:08,47,LAL,turnover,,,,,,,,,,Brandon Ingram,,,bad pass ,,Jamal Murray,bad pass ,,,,,,"Murray STEAL (1 STL), Ingram Bad Pass Turnover (P1.T1)"
"=""0021700240""",2017-2018 Regular Season,2017-11-19,Wilson Chandler,Paul Millsap,Nikola Jokic,Gary Harris,Jamal Murray,Brandon Ingram,Kyle Kuzma,Brook Lopez,Kentavious Caldwell-Pope,Lonzo Ball,1,9,8,00:08:23,00:03:37,00:00:15,49,DEN,shot,Nikola Jokic,,,,,,,,,Wilson Chandler,3,,,made,,Jump Shot,27,-72,256,32.2,30.6,Chandler 27' 3PT Jump Shot (5 PTS) (Jokic 1 AST)
"=""0021700240""",2017-2018 Regular Season,2017-11-19,Wilson Chandler,Paul Millsap,Nikola Jokic,Gary Harris,Jamal Murray,Brandon Ingram,Kyle Kuzma,Brook Lopez,Kentavious Caldwell-Pope,Lonzo Ball,1,9,8,00:08:16,00:03:44,00:00:07,51,LAL,miss,,,,,,,,,,Kyle Kuzma,0,,,missed,,Jump Shot,24,-233,34,1.7,85.6,MISS Kuzma 24' 3PT Jump Shot
"=""0021700240""",2017-2018 Regular Season,2017-11-19,Wilson Chandler,Paul Millsap,Nikola Jokic,Gary Harris,Jamal Murray,Brandon Ingram,Kyle Kuzma,Brook Lopez,Kentavious Caldwell-Pope,Lonzo Ball,1,9,8,00:08:11,00:03:49,00:00:05,52,DEN,rebound,,,,,,,,,,Jamal Murray,,,,,,rebound defensive,,,,,,Murray REBOUND (Off:0 Def:2)
"=""0021700240""",2017-2018 Regular Season,2017-11-19,Wilson Chandler,Paul Millsap,Nikola Jokic,Gary Harris,Jamal Murray,Brandon Ingram,Kyle Kuzma,Brook Lopez,Kentavious Caldwell-Pope,Lonzo Ball,1,11,8,00:08:01,00:03:59,00:00:10,53,DEN,shot,Paul Millsap,,,,,,,,,Gary Harris,2,,,made,,unknown,2,-20,15,27.0,6.5,Harris 3' Cutting Dunk Shot (2 PTS) (Millsap 1 AST)
"=""0021700240""",2017-2018 Regular Season,2017-11-19,Wilson Chandler,Paul Millsap,Nikola Jokic,Gary Harris,Jamal Murray,Brandon Ingram,Kyle Kuzma,Brook Lopez,Kentavious Caldwell-Pope,Lonzo Ball,1,11,8,00:08:00,00:04:00,00:00:01,55,,timeout,,,,,,,,,,,,,,,, timeout: regular,,,,,,LAKERS Timeout: Regular (Full 1 Short 0)
"=""0021700240""",2017-2018 Regular Season,2017-11-19,Wilson Chandler,Paul Millsap,Nikola Jokic,Gary Harris,Jamal Murray,Brandon Ingram,Brook Lopez,Kentavious Caldwell-Pope,Lonzo Ball,Julius Randle,1,11,8,00:08:00,00:04:00,00:00:00,56,LAL,sub,,,,,Julius Randle,Kyle Kuzma,,,,Kyle Kuzma,,,,,,sub,,,,,,SUB: Randle FOR Kuzma
"=""0021700240""",2017-2018 Regular Season,2017-11-19,Wilson Chandler,Paul Millsap,Nikola Jokic,Gary Harris,Jamal Murray,Brandon Ingram,Brook Lopez,Kentavious Caldwell-Pope,Lonzo Ball,Julius Randle,1,11,11,00:07:50,00:04:10,00:00:10,58,LAL,shot,Lonzo Ball,,,,,,,,,Brook Lopez,3,,,made,,Jump Shot,26,107,239,35.7,65.1,Lopez 26' 3PT Jump Shot (6 PTS) (Ball 3 AST)
"=""0021700240""",2017-2018 Regular Season,2017-11-19,Wilson Chandler,Paul Millsap,Nikola Jokic,Gary Harris,Jamal Murray,Brandon Ingram,Brook Lopez,Kentavious Caldwell-Pope,Lonzo Ball,Julius Randle,1,11,11,00:07:27,00:04:33,00:00:23,60,DEN,miss,,,,,,,,,,Wilson Chandler,0,,,missed,,Jump Shot,27,-92,254,34.2,30.4,MISS Chandler 27' 3PT Jump Shot
"=""0021700240""",2017-2018 Regular Season,2017-11-19,Wilson Chandler,Paul Millsap,Nikola Jokic,Gary Harris,Jamal Murray,Brandon Ingram,Brook Lopez,Kentavious Caldwell-Pope,Lonzo Ball,Julius Randle,1,11,11,00:07:24,00:04:36,00:00:03,61,LAL,rebound,,,,,,,,,,Lonzo Ball,,,,,,rebound defensive,,,,,,Ball REBOUND (Off:0 Def:1)
"=""0021700240""",2017-2018 Regular Season,2017-11-19,Wilson Chandler,Paul Millsap,Nikola Jokic,Gary Harris,Jamal Murray,Brandon Ingram,Brook Lopez,Kentavious Caldwell-Pope,Lonzo Ball,Julius Randle,1,11,11,00:07:19,00:04:41,00:00:05,62,LAL,miss,,,,,,,,,,Lonzo Ball,0,,,missed,,Running Layup,8,9,77,25.9,81.3,MISS Ball 8' Running Layup
"=""0021700240""",2017-2018 Regular Season,2017-11-19,Wilson Chandler,Paul Millsap,Nikola Jokic,Gary Harris,Jamal Murray,Brandon Ingram,Brook Lopez,Kentavious Caldwell-Pope,Lonzo Ball,Julius Randle,1,11,11,00:07:14,00:04:46,00:00:05,63,DEN,rebound,,,,,,,,,,Paul Millsap,,,,,,rebound defensive,,,,,,Millsap REBOUND (Off:1 Def:2)
"=""0021700240""",2017-2018 Regular Season,2017-11-19,Wilson Chandler,Paul Millsap,Nikola Jokic,Gary Harris,Jamal Murray,Brandon Ingram,Brook Lopez,Kentavious Caldwell-Pope,Lonzo Ball,Julius Randle,1,11,11,00:07:04,00:04:56,00:00:10,64,DEN,miss,,,,Brook Lopez,,,,,,Paul Millsap,0,,,missed,,Jump Shot,6,-44,33,29.4,8.3,"MISS Millsap 6' Jump Shot, Lopez BLOCK (1 BLK)"
"=""0021700240""",2017-2018 Regular Season,2017-11-19,Wilson Chandler,Paul Millsap,Nikola Jokic,Gary Harris,Jamal Murray,Brandon Ingram,Brook Lopez,Kentavious Caldwell-Pope,Lonzo Ball,Julius Randle,1,11,11,00:06:58,00:05:02,00:00:06,66,DEN,rebound,,,,,,,,,,Nikola Jokic,,,,,,rebound offensive,,,,,,Jokic REBOUND (Off:1 Def:1)
"=""0021700240""",2017-2018 Regular Season,2017-11-19,Wilson Chandler,Paul Millsap,Nikola Jokic,Gary Harris,Jamal Murray,Brandon Ingram,Brook Lopez,Kentavious Caldwell-Pope,Lonzo Ball,Julius Randle,1,13,11,00:06:56,00:05:04,00:00:02,67,DEN,shot,,,,,,,,,,Nikola Jokic,2,,,made,,unknown,1,0,12,25.0,6.2,Jokic 1' Tip Layup Shot (2 PTS)
"=""0021700240""",2017-2018 Regular Season,2017-11-19,Wilson Chandler,Paul Millsap,Nikola Jokic,Gary Harris,Jamal Murray,Brandon Ingram,Brook Lopez,Kentavious Caldwell-Pope,Lonzo Ball,Julius Randle,1,13,14,00:06:45,00:05:15,00:00:11,68,LAL,shot,Brook Lopez,,,,,,,,,Brandon Ingram,3,,,made,,Jump Shot,26,-141,215,10.9,67.5,Ingram 26' 3PT Jump Shot (3 PTS) (Lopez 1 AST)
"=""0021700240""",2017-2018 Regular Season,2017-11-19,Wilson Chandler,Paul Millsap,Nikola Jokic,Gary Harris,Jamal Murray,Brandon Ingram,Brook Lopez,Kentavious Caldwell-Pope,Lonzo Ball,Julius Randle,1,13,14,00:06:20,00:05:40,00:00:25,72,LAL,foul,,,,,,,,Nikola Jokic,,Brandon Ingram,,,s.foul,,,s.foul,,,,,,Ingram S.FOUL (P1.T3) (R.Mott)
"=""0021700240""",2017-2018 Regular Season,2017-11-19,Wilson Chandler,Paul Millsap,Nikola Jokic,Gary Harris,Jamal Murray,Brandon Ingram,Brook Lopez,Kentavious Caldwell-Pope,Lonzo Ball,Julius Randle,1,14,14,00:06:20,00:05:40,00:00:00,74,DEN,free throw,,,,,,,1,,2,Nikola Jokic,1,,,made,,Free Throw 1 of 2,,,,,,Jokic Free Throw 1 of 2 (3 PTS)
"=""0021700240""",2017-2018 Regular Season,2017-11-19,Wilson Chandler,Paul Millsap,Nikola Jokic,Gary Harris,Jamal Murray,Brandon Ingram,Brook Lopez,Kentavious Caldwell-Pope,Lonzo Ball,Julius Randle,1,15,14,00:06:20,00:05:40,00:00:00,75,DEN,free throw,,,,,,,2,,2,Nikola Jokic,1,,,made,,Free Throw 2 of 2,,,,,,Jokic Free Throw 2 of 2 (4 PTS)
"=""0021700240""",2017-2018 Regular Season,2017-11-19,Wilson Chandler,Paul Millsap,Nikola Jokic,Gary Harris,Jamal Murray,Brandon Ingram,Brook Lopez,Kentavious Caldwell-Pope,Lonzo Ball,Julius Randle,1,15,14,00:06:19,00:05:41,00:00:01,70,DEN,miss,,,,Kentavious Caldwell-Pope,,,,,,Nikola Jokic,0,,,missed,,Layup,5,-13,53,26.3,10.3,"MISS Jokic 5' Layup, Caldwell-Pope BLOCK (1 BLK)"
"=""0021700240""",2017-2018 Regular Season,2017-11-19,Wilson Chandler,Paul Millsap,Nikola Jokic,Gary Harris,Jamal Murray,Brandon Ingram,Brook Lopez,Kentavious Caldwell-Pope,Lonzo Ball,Julius Randle,1,15,14,00:06:19,00:05:41,00:00:00,95,DEN,rebound,,,,,,,,,,Nikola Jokic,,,,,,rebound offensive,,,,,,Jokic REBOUND (Off:2 Def:1)
"=""0021700240""",2017-2018 Regular Season,2017-11-19,Wilson Chandler,Paul Millsap,Nikola Jokic,Gary Harris,Jamal Murray,Brandon Ingram,Brook Lopez,Kentavious Caldwell-Pope,Lonzo Ball,Julius Randle,1,15,16,00:06:05,00:05:55,00:00:14,76,LAL,shot,Brook Lopez,,,,,,,,,Julius Randle,2,,,made,,Jump Shot,4,24,26,27.4,86.4,Randle 4' Jump Shot (2 PTS) (Lopez 2 AST)
"=""0021700240""",2017-2018 Regular Season,2017-11-19,Wilson Chandler,Paul Millsap,Nikola Jokic,Gary Harris,Jamal Murray,Brandon Ingram,Brook Lopez,Kentavious Caldwell-Pope,Lonzo Ball,Julius Randle,1,15,16,00:06:05,00:05:55,00:00:00,78,DEN,foul,,,,,,,,Julius Randle,,Nikola Jokic,,,s.foul,,,s.foul,,,,,,Jokic S.FOUL (P2.T2) (R.Mott)
"=""0021700240""",2017-2018 Regular Season,2017-11-19,Wilson Chandler,Paul Millsap,Gary Harris,Jamal Murray,Mason Plumlee,Brandon Ingram,Brook Lopez,Kentavious Caldwell-Pope,Lonzo Ball,Julius Randle,1,15,16,00:06:05,00:05:55,00:00:00,80,DEN,sub,,,,,Mason Plumlee,Nikola Jokic,,,,Nikola Jokic,,,,,,sub,,,,,,SUB: Plumlee FOR Jokic
"=""0021700240""",2017-2018 Regular Season,2017-11-19,Paul Millsap,Gary Harris,Jamal Murray,Mason Plumlee,Will Barton,Brandon Ingram,Brook Lopez,Kentavious Caldwell-Pope,Lonzo Ball,Julius Randle,1,15,16,00:06:05,00:05:55,00:00:00,81,DEN,sub,,,,,Will Barton,Wilson Chandler,,,,Wilson Chandler,,,,,,sub,,,,,,SUB: Barton FOR Chandler
"=""0021700240""",2017-2018 Regular Season,2017-11-19,Paul Millsap,Gary Harris,Jamal Murray,Mason Plumlee,Will Barton,Brandon Ingram,Brook Lopez,Kentavious Caldwell-Pope,Lonzo Ball,Julius Randle,1,15,17,00:06:05,00:05:55,00:00:00,84,LAL,free throw,,,,,,,1,,1,Julius Randle,1,,,made,,Free Throw 1 of 1,,,,,,Randle Free Throw 1 of 1 (3 PTS)
"=""0021700240""",2017-2018 Regular Season,2017-11-19,Paul Millsap,Gary Harris,Jamal Murray,Mason Plumlee,Will Barton,Brandon Ingram,Brook Lopez,Kentavious Caldwell-Pope,Lonzo Ball,Julius Randle,1,15,17,00:05:48,00:06:12,00:00:17,85,LAL,foul,,,,,,,,Paul Millsap,,Julius Randle,,,p.foul,,,p.foul,,,,,,Randle P.FOUL (P1.T4) (R.Mott)
"=""0021700240""",2017-2018 Regular Season,2017-11-19,Paul Millsap,Gary Harris,Jamal Murray,Mason Plumlee,Will Barton,Brandon Ingram,Brook Lopez,Kentavious Caldwell-Pope,Lonzo Ball,Julius Randle,1,17,17,00:05:43,00:06:17,00:00:05,87,DEN,shot,Will Barton,,,,,,,,,Gary Harris,2,,,made,,Jump Shot,14,-27,133,27.7,18.3,Harris 14' Jump Shot (4 PTS) (Barton 1 AST)
"=""0021700240""",2017-2018 Regular Season,2017-11-19,Paul Millsap,Gary Harris,Jamal Murray,Mason Plumlee,Will Barton,Brandon Ingram,Brook Lopez,Kentavious Caldwell-Pope,Lonzo Ball,Julius Randle,1,17,19,00:05:27,00:06:33,00:00:16,90,LAL,shot,Brandon Ingram,,,,,,,,,Brook Lopez,2,,,made,,unknown,4,22,35,27.2,85.5,Lopez 4' Driving Floating Jump Shot (8 PTS) (Ingram 1 AST)
"=""0021700240""",2017-2018 Regular Season,2017-11-19,Paul Millsap,Gary Harris,Jamal Murray,Mason Plumlee,Will Barton,Brandon Ingram,Brook Lopez,Kentavious Caldwell-Pope,Lonzo Ball,Julius Randle,1,17,19,00:05:11,00:06:49,00:00:16,92,DEN,miss,,,,,,,,,,Will Barton,0,,,missed,,Jump Shot,25,149,205,10.1,25.5,MISS Barton 25' 3PT Jump Shot
"=""0021700240""",2017-2018 Regular Season,2017-11-19,Paul Millsap,Gary Harris,Jamal Murray,Mason Plumlee,Will Barton,Brandon Ingram,Brook Lopez,Kentavious Caldwell-Pope,Lonzo Ball,Julius Randle,1,17,19,00:05:11,00:06:49,00:00:00,93,DEN,rebound,,,,,,,,,,Paul Millsap,,,,,,rebound offensive,,,,,,Millsap REBOUND (Off:2 Def:2)
"=""0021700240""",2017-2018 Regular Season,2017-11-19,Paul Millsap,Gary Harris,Jamal Murray,Mason Plumlee,Will Barton,Brandon Ingram,Brook Lopez,Kentavious Caldwell-Pope,Lonzo Ball,Julius Randle,1,20,19,00:05:04,00:06:56,00:00:07,94,DEN,shot,,,,,,,,,,Paul Millsap,3,,,made,,Jump Shot,25,-237,85,48.7,13.5,Millsap 25' 3PT Jump Shot (5 PTS)
"=""0021700240""",2017-2018 Regular Season,2017-11-19,Paul Millsap,Gary Harris,Jamal Murray,Mason Plumlee,Will Barton,Brandon Ingram,Brook Lopez,Kentavious Caldwell-Pope,Lonzo Ball,Julius Randle,1,20,21,00:04:51,00:07:09,00:00:13,96,LAL,shot,Brandon Ingram,,,,,,,,,Julius Randle,2,,,made,,Layup,1,0,14,25.0,87.6,Randle 1' Layup (5 PTS) (Ingram 2 AST)
"=""0021700240""",2017-2018 Regular Season,2017-11-19,Paul Millsap,Gary Harris,Jamal Murray,Mason Plumlee,Will Barton,Brandon Ingram,Brook Lopez,Kentavious Caldwell-Pope,Lonzo Ball,Julius Randle,1,20,21,00:04:33,00:07:27,00:00:18,98,DEN,miss,,,,,,,,,,Paul Millsap,0,,,missed,,unknown,3,5,27,24.5,7.7,MISS Millsap 3' Driving Layup
"=""0021700240""",2017-2018 Regular Season,2017-11-19,Paul Millsap,Gary Harris,Jamal Murray,Mason Plumlee,Will Barton,Brandon Ingram,Brook Lopez,Kentavious Caldwell-Pope,Lonzo Ball,Julius Randle,1,20,21,00:04:31,00:07:29,00:00:02,99,DEN,rebound,,,,,,,,,,Jamal Murray,,,,,,rebound offensive,,,,,,Murray REBOUND (Off:1 Def:2)
"=""0021700240""",2017-2018 Regular Season,2017-11-19,Paul Millsap,Gary Harris,Jamal Murray,Mason Plumlee,Will Barton,Brandon Ingram,Brook Lopez,Kentavious Caldwell-Pope,Lonzo Ball,Julius Randle,1,20,21,00:04:25,00:07:35,00:00:06,100,DEN,turnover,,,,,,,,,,Mason Plumlee,,,bad pass ,,Kentavious Caldwell-Pope,bad pass ,,,,,,"Plumlee Bad Pass Turnover (P1.T3), Caldwell-Pope STEAL (2 STL)"
"=""0021700240""",2017-2018 Regular Season,2017-11-19,Paul Millsap,Gary Harris,Jamal Murray,Mason Plumlee,Will Barton,Brandon Ingram,Brook Lopez,Kentavious Caldwell-Pope,Lonzo Ball,Julius Randle,1,20,21,00:04:21,00:07:39,00:00:04,102,LAL,turnover,,,,,,,,,,Kentavious Caldwell-Pope,,,,,,unknown,,,,,,Caldwell-Pope Out of Bounds - Bad Pass Turnover Turnover (P1.T2)
"=""0021700240""",2017-2018 Regular Season,2017-11-19,Paul Millsap,Gary Harris,Jamal Murray,Mason Plumlee,Will Barton,Brandon Ingram,Brook Lopez,Kentavious Caldwell-Pope,Julius Randle,Jordan Clarkson,1,20,21,00:04:21,00:07:39,00:00:00,103,LAL,sub,,,,,Jordan Clarkson,Lonzo Ball,,,,Lonzo Ball,,,,,,sub,,,,,,SUB: Clarkson FOR Ball
"=""0021700240""",2017-2018 Regular Season,2017-11-19,Paul Millsap,Gary Harris,Mason Plumlee,Will Barton,Emmanuel Mudiay,Brandon Ingram,Brook Lopez,Kentavious Caldwell-Pope,Julius Randle,Jordan Clarkson,1,20,21,00:04:21,00:07:39,00:00:00,104,DEN,sub,,,,,Emmanuel Mudiay,Jamal Murray,,,,Jamal Murray,,,,,,sub,,,,,,SUB: Mudiay FOR Murray
"=""0021700240""",2017-2018 Regular Season,2017-11-19,Paul Millsap,Gary Harris,Mason Plumlee,Will Barton,Emmanuel Mudiay,Brandon Ingram,Brook Lopez,Kentavious Caldwell-Pope,Julius Randle,Jordan Clarkson,1,20,21,00:04:09,00:07:51,00:00:12,107,DEN,turnover,,,,,,,,,,Gary Harris,,,lost ball ,,Kentavious Caldwell-Pope,lost ball ,,,,,,"Harris Lost Ball Turnover (P1.T4), Caldwell-Pope STEAL (3 STL)"
"=""0021700240""",2017-2018 Regular Season,2017-11-19,Paul Millsap,Gary Harris,Mason Plumlee,Will Barton,Emmanuel Mudiay,Brandon Ingram,Brook Lopez,Kentavious Caldwell-Pope,Julius Randle,Jordan Clarkson,1,20,21,00:04:05,00:07:55,00:00:04,109,LAL,miss,,,,,,,,,,Brandon Ingram,0,,,missed,,Running Layup,3,20,16,27.0,87.4,MISS Ingram 3' Running Layup
"=""0021700240""",2017-2018 Regular Season,2017-11-19,Paul Millsap,Gary Harris,Mason Plumlee,Will Barton,Emmanuel Mudiay,Brandon Ingram,Brook Lopez,Kentavious Caldwell-Pope,Julius Randle,Jordan Clarkson,1,20,21,00:04:05,00:07:55,00:00:00,110,LAL,rebound,,,,,,,,,,Jordan Clarkson,,,,,,rebound offensive,,,,,,Clarkson REBOUND (Off:1 Def:0)
"=""0021700240""",2017-2018 Regular Season,2017-11-19,Paul Millsap,Gary Harris,Mason Plumlee,Will Barton,Emmanuel Mudiay,Brandon Ingram,Brook Lopez,Kentavious Caldwell-Pope,Julius Randle,Jordan Clarkson,1,20,21,00:04:01,00:07:59,00:00:04,111,LAL,miss,,,,,,,,,,Jordan Clarkson,0,,,missed,,unknown,1,0,-6,25.0,89.6,MISS Clarkson 1' Tip Layup Shot
"=""0021700240""",2017-2018 Regular Season,2017-11-19,Paul Millsap,Gary Harris,Mason Plumlee,Will Barton,Emmanuel Mudiay,Brandon Ingram,Brook Lopez,Kentavious Caldwell-Pope,Julius Randle,Jordan Clarkson,1,20,21,00:04:01,00:07:59,00:00:00,112,LAL,rebound,,,,,,,,,,Jordan Clarkson,,,,,,rebound offensive,,,,,,Clarkson REBOUND (Off:2 Def:0)
"=""0021700240""",2017-2018 Regular Season,2017-11-19,Paul Millsap,Gary Harris,Mason Plumlee,Will Barton,Emmanuel Mudiay,Brandon Ingram,Brook Lopez,Kentavious Caldwell-Pope,Julius Randle,Jordan Clarkson,1,20,23,00:04:01,00:07:59,00:00:00,113,LAL,shot,,,,,,,,,,Jordan Clarkson,2,,,made,,unknown,1,0,-6,25.0,89.6,Clarkson 1' Tip Layup Shot (2 PTS)
"=""0021700240""",2017-2018 Regular Season,2017-11-19,Paul Millsap,Gary Harris,Mason Plumlee,Will Barton,Emmanuel Mudiay,Brandon Ingram,Brook Lopez,Kentavious Caldwell-Pope,Julius Randle,Jordan Clarkson,1,20,23,00:04:01,00:07:59,00:00:00,114,,timeout,,,,,,,,,,,,,,,, timeout: regular,,,,,,Nuggets Timeout: Regular (Reg.1 Short 0)
"=""0021700240""",2017-2018 Regular Season,2017-11-19,Gary Harris,Mason Plumlee,Will Barton,Emmanuel Mudiay,Wilson Chandler,Brandon Ingram,Brook Lopez,Kentavious Caldwell-Pope,Julius Randle,Jordan Clarkson,1,20,23,00:04:01,00:07:59,00:00:00,115,DEN,sub,,,,,Wilson Chandler,Paul Millsap,,,,Paul Millsap,,,,,,sub,,,,,,SUB: Chandler FOR Millsap
"=""0021700240""",2017-2018 Regular Season,2017-11-19,Gary Harris,Mason Plumlee,Will Barton,Emmanuel Mudiay,Wilson Chandler,Brandon Ingram,Brook Lopez,Kentavious Caldwell-Pope,Julius Randle,Jordan Clarkson,1,20,23,00:03:48,00:08:12,00:00:13,117,DEN,miss,,,,,,,,,,Mason Plumlee,0,,,missed,,Layup,3,-11,29,26.1,7.9,MISS Plumlee 3' Layup
"=""0021700240""",2017-2018 Regular Season,2017-11-19,Gary Harris,Mason Plumlee,Will Barton,Emmanuel Mudiay,Wilson Chandler,Brandon Ingram,Brook Lopez,Kentavious Caldwell-Pope,Julius Randle,Jordan Clarkson,1,20,23,00:03:45,00:08:15,00:00:03,118,LAL,rebound,,,,,,,,,,Julius Randle,,,,,,rebound defensive,,,,,,Randle REBOUND (Off:0 Def:1)
"=""0021700240""",2017-2018 Regular Season,2017-11-19,Gary Harris,Mason Plumlee,Will Barton,Emmanuel Mudiay,Wilson Chandler,Brandon Ingram,Brook Lopez,Kentavious Caldwell-Pope,Julius Randle,Jordan Clarkson,1,20,26,00:03:34,00:08:26,00:00:11,119,LAL,shot,Brandon Ingram,,,,,,,,,Kentavious Caldwell-Pope,3,,,made,,Jump Shot,23,-223,45,2.7,84.5,Caldwell-Pope  3PT Jump Shot (3 PTS) (Ingram 3 AST)
"=""0021700240""",2017-2018 Regular Season,2017-11-19,Gary Harris,Mason Plumlee,Will Barton,Emmanuel Mudiay,Wilson Chandler,Brandon Ingram,Brook Lopez,Kentavious Caldwell-Pope,Julius Randle,Jordan Clarkson,1,20,26,00:03:28,00:08:32,00:00:06,121,LAL,foul,,,,,,,,Gary Harris,,Brandon Ingram,,,p.foul,,,p.foul,,,,,,Ingram P.FOUL (P2.PN) (M.Ervin)
"=""0021700240""",2017-2018 Regular Season,2017-11-19,Gary Harris,Mason Plumlee,Will Barton,Emmanuel Mudiay,Wilson Chandler,Brandon Ingram,Brook Lopez,Kentavious Caldwell-Pope,Julius Randle,Jordan Clarkson,1,21,26,00:03:28,00:08:32,00:00:00,123,DEN,free throw,,,,,,,1,,2,Gary Harris,1,,,made,,Free Throw 1 of 2,,,,,,Harris Free Throw 1 of 2 (5 PTS)
"=""0021700240""",2017-2018 Regular Season,2017-11-19,Gary Harris,Mason Plumlee,Will Barton,Emmanuel Mudiay,Wilson Chandler,Brook Lopez,Kentavious Caldwell-Pope,Julius Randle,Jordan Clarkson,Lonzo Ball,1,21,26,00:03:28,00:08:32,00:00:00,124,LAL,sub,,,,,Lonzo Ball,Brandon Ingram,,,,Brandon Ingram,,,,,,sub,,,,,,SUB: Ball FOR Ingram
"=""0021700240""",2017-2018 Regular Season,2017-11-19,Gary Harris,Mason Plumlee,Will Barton,Emmanuel Mudiay,Wilson Chandler,Brook Lopez,Kentavious Caldwell-Pope,Julius Randle,Jordan Clarkson,Lonzo Ball,1,22,26,00:03:28,00:08:32,00:00:00,126,DEN,free throw,,,,,,,2,,2,Gary Harris,1,,,made,,Free Throw 2 of 2,,,,,,Harris Free Throw 2 of 2 (6 PTS)
"=""0021700240""",2017-2018 Regular Season,2017-11-19,Gary Harris,Mason Plumlee,Will Barton,Emmanuel Mudiay,Wilson Chandler,Brook Lopez,Kentavious Caldwell-Pope,Julius Randle,Jordan Clarkson,Lonzo Ball,1,22,26,00:03:11,00:08:49,00:00:17,127,LAL,miss,,,,,,,,,,Julius Randle,0,,,missed,,Jump Shot,25,-87,232,16.3,65.8,MISS Randle 25' 3PT Jump Shot
"=""0021700240""",2017-2018 Regular Season,2017-11-19,Gary Harris,Mason Plumlee,Will Barton,Emmanuel Mudiay,Wilson Chandler,Brook Lopez,Kentavious Caldwell-Pope,Julius Randle,Jordan Clarkson,Lonzo Ball,1,22,26,00:03:08,00:08:52,00:00:03,128,LAL,rebound,,,,,,,,,,Brook Lopez,,,,,,rebound offensive,,,,,,Lopez REBOUND (Off:1 Def:0)
"=""0021700240""",2017-2018 Regular Season,2017-11-19,Gary Harris,Mason Plumlee,Will Barton,Emmanuel Mudiay,Wilson Chandler,Brook Lopez,Kentavious Caldwell-Pope,Julius Randle,Jordan Clarkson,Lonzo Ball,1,22,28,00:03:06,00:08:54,00:00:02,129,LAL,shot,,,,,,,,,,Brook Lopez,2,,,made,,Putback Layup,2,-2,15,24.8,87.5,Lopez 2' Putback Layup (10 PTS)
"=""0021700240""",2017-2018 Regular Season,2017-11-19,Gary Harris,Mason Plumlee,Will Barton,Emmanuel Mudiay,Wilson Chandler,Brook Lopez,Kentavious Caldwell-Pope,Julius Randle,Jordan Clarkson,Lonzo Ball,1,22,28,00:02:49,00:09:11,00:00:17,130,DEN,miss,,,,,,,,,,Will Barton,0,,,missed,,unknown,8,-6,79,25.6,12.9,MISS Barton 8' Driving Floating Jump Shot
"=""0021700240""",2017-2018 Regular Season,2017-11-19,Gary Harris,Mason Plumlee,Will Barton,Emmanuel Mudiay,Wilson Chandler,Brook Lopez,Kentavious Caldwell-Pope,Julius Randle,Jordan Clarkson,Lonzo Ball,1,22,28,00:02:49,00:09:11,00:00:00,131,LAL,rebound,,,,,,,,,,Brook Lopez,,,,,,rebound defensive,,,,,,Lopez REBOUND (Off:1 Def:1)
"=""0021700240""",2017-2018 Regular Season,2017-11-19,Gary Harris,Mason Plumlee,Will Barton,Emmanuel Mudiay,Wilson Chandler,Brook Lopez,Kentavious Caldwell-Pope,Julius Randle,Jordan Clarkson,Lonzo Ball,1,22,28,00:02:37,00:09:23,00:00:12,133,LAL,miss,,,,,,,,,,Brook Lopez,0,,,missed,,Jump Shot,27,-130,232,12.0,65.8,MISS Lopez 27' 3PT Jump Shot
"=""0021700240""",2017-2018 Regular Season,2017-11-19,Gary Harris,Mason Plumlee,Will Barton,Emmanuel Mudiay,Wilson Chandler,Brook Lopez,Kentavious Caldwell-Pope,Julius Randle,Jordan Clarkson,Lonzo Ball,1,22,28,00:02:34,00:09:26,00:00:03,134,DEN,rebound,,,,,,,,,,Will Barton,,,,,,rebound defensive,,,,,,Barton REBOUND (Off:0 Def:1)
"=""0021700240""",2017-2018 Regular Season,2017-11-19,Gary Harris,Mason Plumlee,Will Barton,Emmanuel Mudiay,Wilson Chandler,Brook Lopez,Kentavious Caldwell-Pope,Julius Randle,Jordan Clarkson,Lonzo Ball,1,22,28,00:02:15,00:09:45,00:00:19,135,DEN,miss,,,,,,,,,,Emmanuel Mudiay,0,,,missed,,Jump Shot,24,238,48,1.2,9.8,MISS Mudiay 24' 3PT Jump Shot
"=""0021700240""",2017-2018 Regular Season,2017-11-19,Gary Harris,Mason Plumlee,Will Barton,Emmanuel Mudiay,Wilson Chandler,Brook Lopez,Kentavious Caldwell-Pope,Julius Randle,Jordan Clarkson,Lonzo Ball,1,22,28,00:02:13,00:09:47,00:00:02,136,LAL,rebound,,,,,,,,,,Kentavious Caldwell-Pope,,,,,,rebound defensive,,,,,,Caldwell-Pope REBOUND (Off:0 Def:1)
"=""0021700240""",2017-2018 Regular Season,2017-11-19,Gary Harris,Mason Plumlee,Will Barton,Emmanuel Mudiay,Wilson Chandler,Brook Lopez,Kentavious Caldwell-Pope,Julius Randle,Jordan Clarkson,Lonzo Ball,1,22,30,00:02:01,00:09:59,00:00:12,137,LAL,shot,Brook Lopez,,,,,,,,,Julius Randle,2,,,made,,Layup,2,-6,24,24.4,86.6,Randle 2' Layup (7 PTS) (Lopez 3 AST)
"=""0021700240""",2017-2018 Regular Season,2017-11-19,Gary Harris,Mason Plumlee,Will Barton,Emmanuel Mudiay,Wilson Chandler,Brook Lopez,Kentavious Caldwell-Pope,Julius Randle,Jordan Clarkson,Lonzo Ball,1,22,30,00:02:01,00:09:59,00:00:00,139,DEN,foul,,,,,,,,Julius Randle,,Wilson Chandler,,,s.foul,,,s.foul,,,,,,Chandler S.FOUL (P1.T3) (K.Lane)
"=""0021700240""",2017-2018 Regular Season,2017-11-19,Gary Harris,Mason Plumlee,Will Barton,Emmanuel Mudiay,Wilson Chandler,Brook Lopez,Kentavious Caldwell-Pope,Julius Randle,Jordan Clarkson,Lonzo Ball,1,22,30,00:02:01,00:09:59,00:00:00,141,LAL,free throw,,,,,,,1,,1,Julius Randle,0,,,missed,,Free Throw 1 of 1,,,,,,MISS Randle Free Throw 1 of 1
"=""0021700240""",2017-2018 Regular Season,2017-11-19,Gary Harris,Mason Plumlee,Will Barton,Emmanuel Mudiay,Wilson Chandler,Brook Lopez,Kentavious Caldwell-Pope,Julius Randle,Jordan Clarkson,Lonzo Ball,1,22,30,00:01:58,00:10:02,00:00:03,142,DEN,rebound,,,,,,,,,,Will Barton,,,,,,rebound defensive,,,,,,Barton REBOUND (Off:0 Def:2)
"=""0021700240""",2017-2018 Regular Season,2017-11-19,Gary Harris,Mason Plumlee,Will Barton,Emmanuel Mudiay,Wilson Chandler,Brook Lopez,Kentavious Caldwell-Pope,Julius Randle,Jordan Clarkson,Lonzo Ball,1,22,30,00:01:36,00:10:24,00:00:22,143,DEN,miss,,,,,,,,,,Emmanuel Mudiay,0,,,missed,,Jump Shot,25,228,105,2.2,15.5,MISS Mudiay 25' 3PT Jump Shot
"=""0021700240""",2017-2018 Regular Season,2017-11-19,Gary Harris,Mason Plumlee,Will Barton,Emmanuel Mudiay,Wilson Chandler,Brook Lopez,Kentavious Caldwell-Pope,Julius Randle,Jordan Clarkson,Lonzo Ball,1,22,30,00:01:31,00:10:29,00:00:05,144,LAL,rebound,,,,,,,,,,Lonzo Ball,,,,,,rebound defensive,,,,,,Ball REBOUND (Off:0 Def:2)
"=""0021700240""",2017-2018 Regular Season,2017-11-19,Gary Harris,Mason Plumlee,Will Barton,Emmanuel Mudiay,Wilson Chandler,Brook Lopez,Kentavious Caldwell-Pope,Julius Randle,Jordan Clarkson,Lonzo Ball,1,22,32,00:01:26,00:10:34,00:00:05,145,LAL,shot,,,,,,,,,,Jordan Clarkson,2,,,made,,Floating Jump Shot,5,2,53,25.2,83.7,Clarkson 5' Floating Jump Shot (4 PTS)
"=""0021700240""",2017-2018 Regular Season,2017-11-19,Gary Harris,Mason Plumlee,Will Barton,Emmanuel Mudiay,Wilson Chandler,Brook Lopez,Kentavious Caldwell-Pope,Julius Randle,Jordan Clarkson,Lonzo Ball,1,22,32,00:01:26,00:10:34,00:00:00,146,DEN,foul,,,,,,,,Jordan Clarkson,,Emmanuel Mudiay,,,s.foul,,,s.foul,,,,,,Mudiay S.FOUL (P1.T4) (M.Ervin)
"=""0021700240""",2017-2018 Regular Season,2017-11-19,Gary Harris,Mason Plumlee,Will Barton,Emmanuel Mudiay,Wilson Chandler,Kentavious Caldwell-Pope,Julius Randle,Jordan Clarkson,Lonzo Ball,Corey Brewer,1,22,32,00:01:26,00:10:34,00:00:00,148,LAL,sub,,,,,Corey Brewer,Brook Lopez,,,,Brook Lopez,,,,,,sub,,,,,,SUB: Brewer FOR Lopez
"=""0021700240""",2017-2018 Regular Season,2017-11-19,Gary Harris,Mason Plumlee,Will Barton,Emmanuel Mudiay,Wilson Chandler,Kentavious Caldwell-Pope,Julius Randle,Jordan Clarkson,Lonzo Ball,Corey Brewer,1,22,32,00:01:26,00:10:34,00:00:00,150,LAL,free throw,,,,,,,1,,1,Jordan Clarkson,0,,,missed,,Free Throw 1 of 1,,,,,,MISS Clarkson Free Throw 1 of 1
"=""0021700240""",2017-2018 Regular Season,2017-11-19,Gary Harris,Mason Plumlee,Will Barton,Emmanuel Mudiay,Wilson Chandler,Kentavious Caldwell-Pope,Julius Randle,Jordan Clarkson,Lonzo Ball,Corey Brewer,1,22,32,00:01:23,00:10:37,00:00:03,151,DEN,rebound,,,,,,,,,,Wilson Chandler,,,,,,rebound defensive,,,,,,Chandler REBOUND (Off:0 Def:2)
"=""0021700240""",2017-2018 Regular Season,2017-11-19,Gary Harris,Mason Plumlee,Will Barton,Emmanuel Mudiay,Wilson Chandler,Kentavious Caldwell-Pope,Julius Randle,Jordan Clarkson,Lonzo Ball,Corey Brewer,1,24,32,00:01:17,00:10:43,00:00:06,152,DEN,shot,,,,,,,,,,Will Barton,2,,,made,,unknown,4,0,41,25.0,9.1,Barton 4' Driving Floating Jump Shot (2 PTS)
"=""0021700240""",2017-2018 Regular Season,2017-11-19,Gary Harris,Mason Plumlee,Will Barton,Emmanuel Mudiay,Wilson Chandler,Kentavious Caldwell-Pope,Julius Randle,Jordan Clarkson,Lonzo Ball,Corey Brewer,1,24,32,00:00:47,00:11:13,00:00:30,153,LAL,miss,,,,,,,,,,Julius Randle,0,,,missed,,Turnaround Fadeaway ,15,45,146,29.5,74.4,MISS Randle 15' Turnaround Fadeaway Shot
"=""0021700240""",2017-2018 Regular Season,2017-11-19,Gary Harris,Mason Plumlee,Will Barton,Emmanuel Mudiay,Wilson Chandler,Kentavious Caldwell-Pope,Julius Randle,Jordan Clarkson,Lonzo Ball,Corey Brewer,1,24,32,00:00:47,00:11:13,00:00:00,154,LAL,rebound,,,,,,,,,,Corey Brewer,,,,,,rebound offensive,,,,,,Brewer REBOUND (Off:1 Def:0)
"=""0021700240""",2017-2018 Regular Season,2017-11-19,Gary Harris,Mason Plumlee,Will Barton,Emmanuel Mudiay,Wilson Chandler,Kentavious Caldwell-Pope,Julius Randle,Jordan Clarkson,Lonzo Ball,Corey Brewer,1,24,32,00:00:46,00:11:14,00:00:01,155,LAL,miss,,,,,,,,,,Corey Brewer,0,,,missed,,Putback Layup,1,0,10,25.0,88.0,MISS Brewer 1' Putback Layup
"=""0021700240""",2017-2018 Regular Season,2017-11-19,Gary Harris,Mason Plumlee,Will Barton,Emmanuel Mudiay,Wilson Chandler,Kentavious Caldwell-Pope,Julius Randle,Jordan Clarkson,Lonzo Ball,Corey Brewer,1,24,32,00:00:46,00:11:14,00:00:00,156,DEN,rebound,,,,,,,,,,Will Barton,,,,,,rebound defensive,,,,,,Barton REBOUND (Off:0 Def:3)
"=""0021700240""",2017-2018 Regular Season,2017-11-19,Gary Harris,Mason Plumlee,Will Barton,Emmanuel Mudiay,Wilson Chandler,Kentavious Caldwell-Pope,Julius Randle,Jordan Clarkson,Lonzo Ball,Corey Brewer,1,24,32,00:00:42,00:11:18,00:00:04,157,DEN,miss,,,,,,,,,,Will Barton,0,,,missed,,Running Layup,2,-6,22,25.6,7.2,MISS Barton 2' Running Layup
"=""0021700240""",2017-2018 Regular Season,2017-11-19,Gary Harris,Mason Plumlee,Will Barton,Emmanuel Mudiay,Wilson Chandler,Kentavious Caldwell-Pope,Julius Randle,Jordan Clarkson,Lonzo Ball,Corey Brewer,1,24,32,00:00:42,00:11:18,00:00:00,158,DEN,rebound,,,,,,,,,,Mason Plumlee,,,,,,rebound offensive,,,,,,Plumlee REBOUND (Off:1 Def:0)
"=""0021700240""",2017-2018 Regular Season,2017-11-19,Gary Harris,Mason Plumlee,Will Barton,Emmanuel Mudiay,Wilson Chandler,Kentavious Caldwell-Pope,Julius Randle,Jordan Clarkson,Lonzo Ball,Corey Brewer,1,24,32,00:00:42,00:11:18,00:00:00,159,LAL,foul,,,,,,,,Mason Plumlee,,Kentavious Caldwell-Pope,,,l.b.foul,,,l.b.foul,,,,,,Caldwell-Pope L.B.FOUL (P1.PN) (K.Lane)
"=""0021700240""",2017-2018 Regular Season,2017-11-19,Gary Harris,Mason Plumlee,Will Barton,Emmanuel Mudiay,Wilson Chandler,Kentavious Caldwell-Pope,Julius Randle,Jordan Clarkson,Lonzo Ball,Corey Brewer,1,24,32,00:00:42,00:11:18,00:00:00,161,DEN,free throw,,,,,,,1,,2,Mason Plumlee,0,,,missed,,Free Throw 1 of 2,,,,,,MISS Plumlee Free Throw 1 of 2
"=""0021700240""",2017-2018 Regular Season,2017-11-19,Gary Harris,Mason Plumlee,Will Barton,Emmanuel Mudiay,Wilson Chandler,Kentavious Caldwell-Pope,Julius Randle,Jordan Clarkson,Lonzo Ball,Corey Brewer,1,24,32,00:00:42,00:11:18,00:00:00,162,,rebound,,,,,,,,,,,,,,,,team rebound,,,,,,Nuggets Rebound
"=""0021700240""",2017-2018 Regular Season,2017-11-19,Gary Harris,Mason Plumlee,Will Barton,Emmanuel Mudiay,Wilson Chandler,Kentavious Caldwell-Pope,Julius Randle,Jordan Clarkson,Lonzo Ball,Corey Brewer,1,24,32,00:00:42,00:11:18,00:00:00,163,DEN,free throw,,,,,,,2,,2,Mason Plumlee,0,,,missed,,Free Throw 2 of 2,,,,,,MISS Plumlee Free Throw 2 of 2
"=""0021700240""",2017-2018 Regular Season,2017-11-19,Gary Harris,Mason Plumlee,Will Barton,Emmanuel Mudiay,Wilson Chandler,Kentavious Caldwell-Pope,Julius Randle,Jordan Clarkson,Lonzo Ball,Corey Brewer,1,24,32,00:00:40,00:11:20,00:00:02,164,LAL,rebound,,,,,,,,,,Julius Randle,,,,,,rebound defensive,,,,,,Randle REBOUND (Off:0 Def:2)
"=""0021700240""",2017-2018 Regular Season,2017-11-19,Gary Harris,Mason Plumlee,Will Barton,Emmanuel Mudiay,Wilson Chandler,Kentavious Caldwell-Pope,Julius Randle,Jordan Clarkson,Lonzo Ball,Corey Brewer,1,24,32,00:00:33,00:11:27,00:00:07,165,LAL,miss,,,,,,,,,,Jordan Clarkson,0,,,missed,,Jump Shot,26,139,215,38.9,67.5,MISS Clarkson 26' 3PT Jump Shot
"=""0021700240""",2017-2018 Regular Season,2017-11-19,Gary Harris,Mason Plumlee,Will Barton,Emmanuel Mudiay,Wilson Chandler,Kentavious Caldwell-Pope,Julius Randle,Jordan Clarkson,Lonzo Ball,Corey Brewer,1,24,32,00:00:29,00:11:31,00:00:04,166,DEN,rebound,,,,,,,,,,Will Barton,,,,,,rebound defensive,,,,,,Barton REBOUND (Off:0 Def:4)
"=""0021700240""",2017-2018 Regular Season,2017-11-19,Gary Harris,Mason Plumlee,Will Barton,Emmanuel Mudiay,Wilson Chandler,Kentavious Caldwell-Pope,Julius Randle,Jordan Clarkson,Lonzo Ball,Corey Brewer,1,26,32,00:00:13,00:11:47,00:00:16,167,DEN,shot,,,,,,,,,,Will Barton,2,,,made,,unknown,1,2,11,24.8,6.1,Barton 1' Driving Layup (4 PTS)
"=""0021700240""",2017-2018 Regular Season,2017-11-19,Gary Harris,Mason Plumlee,Will Barton,Emmanuel Mudiay,Wilson Chandler,Kentavious Caldwell-Pope,Julius Randle,Jordan Clarkson,Lonzo Ball,Corey Brewer,1,26,32,00:00:01,00:11:59,00:00:12,168,LAL,miss,,,,,,,,,,Corey Brewer,0,,,missed,,Jump Shot,23,226,-12,47.6,90.2,MISS Brewer  3PT Jump Shot
"=""0021700240""",2017-2018 Regular Season,2017-11-19,Gary Harris,Mason Plumlee,Will Barton,Emmanuel Mudiay,Wilson Chandler,Kentavious Caldwell-Pope,Julius Randle,Jordan Clarkson,Lonzo Ball,Corey Brewer,1,26,32,00:00:01,00:11:59,00:00:00,169,,rebound,,,,,,,,,,,,,,,,team rebound,,,,,,LAKERS Rebound
"=""0021700240""",2017-2018 Regular Season,2017-11-19,Gary Harris,Mason Plumlee,Will Barton,Emmanuel Mudiay,Wilson Chandler,Kentavious Caldwell-Pope,Julius Randle,Jordan Clarkson,Lonzo Ball,Corey Brewer,1,26,32,00:00:00,00:12:00,00:00:01,170,,unknown,,,,,,,,,,Chris Mills,,,,,,uknown,,,,,,
"=""0021700240""",2017-2018 Regular Season,2017-11-19,Gary Harris,Mason Plumlee,Will Barton,Emmanuel Mudiay,Wilson Chandler,Kentavious Caldwell-Pope,Julius Randle,Jordan Clarkson,Lonzo Ball,Corey Brewer,1,26,32,00:00:00,00:12:00,00:00:00,171,,end of period,,,,,,,,,,,,,,,,end of period,,,,,,
"=""0021700240""",2017-2018 Regular Season,2017-11-19,Nikola Jokic,Will Barton,Emmanuel Mudiay,Kenneth Faried,Juan Hernangomez,Kyle Kuzma,Lonzo Ball,Julius Randle,Jordan Clarkson,Corey Brewer,2,26,32,00:12:00,00:00:00,00:-12:00,180,,start of period,,,,,,,,,,,,,,,,start of period,,,,,,
"=""0021700240""",2017-2018 Regular Season,2017-11-19,Nikola Jokic,Will Barton,Emmanuel Mudiay,Kenneth Faried,Juan Hernangomez,Kyle Kuzma,Lonzo Ball,Julius Randle,Jordan Clarkson,Corey Brewer,2,28,32,00:11:36,00:00:24,00:00:24,181,DEN,shot,,,,,,,,,,Kenneth Faried,2,,,made,,Hook Shot,12,43,115,20.7,16.5,Faried 12' Hook Shot (2 PTS)
"=""0021700240""",2017-2018 Regular Season,2017-11-19,Nikola Jokic,Will Barton,Emmanuel Mudiay,Kenneth Faried,Juan Hernangomez,Kyle Kuzma,Lonzo Ball,Julius Randle,Jordan Clarkson,Corey Brewer,2,28,34,00:11:22,00:00:38,00:00:14,182,LAL,shot,Lonzo Ball,,,,,,,,,Jordan Clarkson,2,,,made,,Driving Reverse Layup,1,1,13,25.1,87.7,Clarkson 1' Driving Reverse Layup (6 PTS) (Ball 4 AST)
"=""0021700240""",2017-2018 Regular Season,2017-11-19,Nikola Jokic,Will Barton,Emmanuel Mudiay,Kenneth Faried,Juan Hernangomez,Kyle Kuzma,Lonzo Ball,Julius Randle,Jordan Clarkson,Corey Brewer,2,28,34,00:11:11,00:00:49,00:00:11,184,LAL,foul,,,,,,,,Will Barton,,Jordan Clarkson,,,p.foul,,,p.foul,,,,,,Clarkson P.FOUL (P1.T1) (K.Lane)
"=""0021700240""",2017-2018 Regular Season,2017-11-19,Nikola Jokic,Will Barton,Emmanuel Mudiay,Kenneth Faried,Juan Hernangomez,Kyle Kuzma,Lonzo Ball,Julius Randle,Jordan Clarkson,Corey Brewer,2,28,34,00:11:02,00:00:58,00:00:09,186,DEN,turnover,,,,,,,,,,Emmanuel Mudiay,,,,,,unknown,,,,,,Mudiay Out of Bounds - Bad Pass Turnover Turnover (P1.T5)
"=""0021700240""",2017-2018 Regular Season,2017-11-19,Nikola Jokic,Will Barton,Emmanuel Mudiay,Kenneth Faried,Juan Hernangomez,Kyle Kuzma,Lonzo Ball,Julius Randle,Jordan Clarkson,Corey Brewer,2,28,36,00:10:48,00:01:12,00:00:14,187,LAL,shot,Kyle Kuzma,,,,,,,,,Julius Randle,2,,,made,,Layup,2,-6,17,24.4,87.3,Randle 2' Layup (9 PTS) (Kuzma 1 AST)
"=""0021700240""",2017-2018 Regular Season,2017-11-19,Nikola Jokic,Will Barton,Emmanuel Mudiay,Kenneth Faried,Juan Hernangomez,Kyle Kuzma,Lonzo Ball,Julius Randle,Jordan Clarkson,Corey Brewer,2,28,36,00:10:31,00:01:29,00:00:17,189,DEN,turnover,,,,,,,,,,Emmanuel Mudiay,,,,,,unknown,,,,,,Mudiay Out of Bounds - Bad Pass Turnover Turnover (P2.T6)
"=""0021700240""",2017-2018 Regular Season,2017-11-19,Nikola Jokic,Will Barton,Emmanuel Mudiay,Kenneth Faried,Juan Hernangomez,Kyle Kuzma,Lonzo Ball,Julius Randle,Jordan Clarkson,Corey Brewer,2,28,38,00:10:20,00:01:40,00:00:11,190,LAL,shot,Julius Randle,,,,,,,,,Kyle Kuzma,2,,,made,,unknown,3,2,26,25.2,86.4,Kuzma 3' Cutting Layup Shot (7 PTS) (Randle 1 AST)
"=""0021700240""",2017-2018 Regular Season,2017-11-19,Nikola Jokic,Will Barton,Emmanuel Mudiay,Kenneth Faried,Juan Hernangomez,Kyle Kuzma,Lonzo Ball,Julius Randle,Jordan Clarkson,Corey Brewer,2,28,38,00:10:20,00:01:40,00:00:00,192,DEN,foul,,,,,,,,Kyle Kuzma,,Juan Hernangomez,,,s.foul,,,s.foul,,,,,,Hernangomez S.FOUL (P1.T1) (K.Lane)
"=""0021700240""",2017-2018 Regular Season,2017-11-19,Nikola Jokic,Will Barton,Emmanuel Mudiay,Kenneth Faried,Juan Hernangomez,Kyle Kuzma,Lonzo Ball,Julius Randle,Jordan Clarkson,Corey Brewer,2,28,38,00:10:20,00:01:40,00:00:00,194,,timeout,,,,,,,,,,,,,,,, timeout: regular,,,,,,Nuggets Timeout: Regular (Reg.2 Short 0)
"=""0021700240""",2017-2018 Regular Season,2017-11-19,Nikola Jokic,Will Barton,Emmanuel Mudiay,Kenneth Faried,Juan Hernangomez,Kyle Kuzma,Lonzo Ball,Julius Randle,Jordan Clarkson,Corey Brewer,2,28,38,00:10:20,00:01:40,00:00:00,195,LAL,free throw,,,,,,,1,,1,Kyle Kuzma,0,,,missed,,Free Throw 1 of 1,,,,,,MISS Kuzma Free Throw 1 of 1
"=""0021700240""",2017-2018 Regular Season,2017-11-19,Nikola Jokic,Will Barton,Emmanuel Mudiay,Kenneth Faried,Juan Hernangomez,Kyle Kuzma,Lonzo Ball,Julius Randle,Jordan Clarkson,Corey Brewer,2,28,38,00:10:17,00:01:43,00:00:03,196,DEN,rebound,,,,,,,,,,Kenneth Faried,,,,,,rebound defensive,,,,,,Faried REBOUND (Off:0 Def:1)
"=""0021700240""",2017-2018 Regular Season,2017-11-19,Nikola Jokic,Will Barton,Emmanuel Mudiay,Kenneth Faried,Juan Hernangomez,Kyle Kuzma,Lonzo Ball,Julius Randle,Jordan Clarkson,Corey Brewer,2,28,38,00:10:03,00:01:57,00:00:14,197,DEN,turnover,,,,,,,,,,Will Barton,,,bad pass ,,Corey Brewer,bad pass ,,,,,,"Barton Bad Pass Turnover (P1.T7), Brewer STEAL (1 STL)"
"=""0021700240""",2017-2018 Regular Season,2017-11-19,Nikola Jokic,Will Barton,Emmanuel Mudiay,Kenneth Faried,Juan Hernangomez,Kyle Kuzma,Lonzo Ball,Julius Randle,Jordan Clarkson,Corey Brewer,2,28,38,00:09:58,00:02:02,00:00:05,199,LAL,miss,,,,,,,,,,Julius Randle,0,,,missed,,Running Layup,3,7,25,25.7,86.5,MISS Randle 3' Running Layup
"=""0021700240""",2017-2018 Regular Season,2017-11-19,Nikola Jokic,Will Barton,Emmanuel Mudiay,Kenneth Faried,Juan Hernangomez,Kyle Kuzma,Lonzo Ball,Julius Randle,Jordan Clarkson,Corey Brewer,2,28,38,00:09:58,00:02:02,00:00:00,200,,rebound,,,,,,,,,,,,,,,,team rebound,,,,,,LAKERS Rebound
"=""0021700240""",2017-2018 Regular Season,2017-11-19,Nikola Jokic,Will Barton,Emmanuel Mudiay,Kenneth Faried,Juan Hernangomez,Kyle Kuzma,Lonzo Ball,Julius Randle,Jordan Clarkson,Corey Brewer,2,28,40,00:09:46,00:02:14,00:00:12,202,LAL,shot,Jordan Clarkson,,,,,,,,,Julius Randle,2,,,made,,unknown,3,-3,26,24.7,86.4,Randle 3' Cutting Layup Shot (11 PTS) (Clarkson 1 AST)
"=""0021700240""",2017-2018 Regular Season,2017-11-19,Nikola Jokic,Will Barton,Emmanuel Mudiay,Kenneth Faried,Juan Hernangomez,Kyle Kuzma,Lonzo Ball,Julius Randle,Jordan Clarkson,Corey Brewer,2,28,40,00:09:39,00:02:21,00:00:07,204,DEN,turnover,,,,,,,,,,Nikola Jokic,,,lost ball ,,Jordan Clarkson,lost ball ,,,,,,"Jokic Lost Ball Turnover (P1.T8), Clarkson STEAL (1 STL)"
"=""0021700240""",2017-2018 Regular Season,2017-11-19,Nikola Jokic,Will Barton,Emmanuel Mudiay,Kenneth Faried,Juan Hernangomez,Kyle Kuzma,Lonzo Ball,Julius Randle,Jordan Clarkson,Corey Brewer,2,28,40,00:09:35,00:02:25,00:00:04,206,LAL,turnover,,,,,,,,,,Corey Brewer,,,bad pass ,,Emmanuel Mudiay,bad pass ,,,,,,"Mudiay STEAL (1 STL), Brewer Bad Pass Turnover (P1.T3)"
"=""0021700240""",2017-2018 Regular Season,2017-11-19,Nikola Jokic,Will Barton,Emmanuel Mudiay,Kenneth Faried,Juan Hernangomez,Kyle Kuzma,Lonzo Ball,Julius Randle,Jordan Clarkson,Corey Brewer,2,30,40,00:09:30,00:02:30,00:00:05,208,DEN,shot,Emmanuel Mudiay,,,,,,,,,Will Barton,2,,,made,,Running Dunk,2,-13,21,26.3,7.1,Barton 2' Running Dunk (6 PTS) (Mudiay 1 AST)
"=""0021700240""",2017-2018 Regular Season,2017-11-19,Nikola Jokic,Will Barton,Emmanuel Mudiay,Kenneth Faried,Juan Hernangomez,Kyle Kuzma,Lonzo Ball,Julius Randle,Jordan Clarkson,Corey Brewer,2,30,40,00:09:09,00:02:51,00:00:21,210,LAL,miss,,,,,,,,,,Jordan Clarkson,0,,,missed,,unknown,3,13,27,26.3,86.3,MISS Clarkson 3' Driving Layup
"=""0021700240""",2017-2018 Regular Season,2017-11-19,Nikola Jokic,Will Barton,Emmanuel Mudiay,Kenneth Faried,Juan Hernangomez,Kyle Kuzma,Lonzo Ball,Julius Randle,Jordan Clarkson,Corey Brewer,2,30,40,00:09:05,00:02:55,00:00:04,211,DEN,rebound,,,,,,,,,,Nikola Jokic,,,,,,rebound defensive,,,,,,Jokic REBOUND (Off:2 Def:2)
"=""0021700240""",2017-2018 Regular Season,2017-11-19,Nikola Jokic,Will Barton,Emmanuel Mudiay,Kenneth Faried,Juan Hernangomez,Kyle Kuzma,Lonzo Ball,Julius Randle,Jordan Clarkson,Corey Brewer,2,30,40,00:09:02,00:02:58,00:00:03,212,DEN,miss,,,,,,,,,,Kenneth Faried,0,,,missed,,Alley Oop Dunk,3,-14,25,26.4,7.5,MISS Faried 3' Alley Oop Dunk
"=""0021700240""",2017-2018 Regular Season,2017-11-19,Nikola Jokic,Will Barton,Emmanuel Mudiay,Kenneth Faried,Juan Hernangomez,Kyle Kuzma,Lonzo Ball,Julius Randle,Jordan Clarkson,Corey Brewer,2,30,40,00:08:59,00:03:01,00:00:03,213,LAL,rebound,,,,,,,,,,Jordan Clarkson,,,,,,rebound defensive,,,,,,Clarkson REBOUND (Off:2 Def:1)
"=""0021700240""",2017-2018 Regular Season,2017-11-19,Nikola Jokic,Will Barton,Emmanuel Mudiay,Kenneth Faried,Juan Hernangomez,Kyle Kuzma,Lonzo Ball,Julius Randle,Jordan Clarkson,Corey Brewer,2,30,42,00:08:58,00:03:02,00:00:01,214,LAL,shot,Corey Brewer,,,,,,,,,Julius Randle,2,,,made,,Running Dunk,1,-4,13,24.6,87.7,Randle 1' Running Dunk (13 PTS) (Brewer 1 AST)
"=""0021700240""",2017-2018 Regular Season,2017-11-19,Nikola Jokic,Will Barton,Emmanuel Mudiay,Kenneth Faried,Juan Hernangomez,Kyle Kuzma,Lonzo Ball,Julius Randle,Jordan Clarkson,Corey Brewer,2,30,42,00:08:40,00:03:20,00:00:18,216,DEN,turnover,,,,,,,,,,Will Barton,,,bad pass ,,Corey Brewer,bad pass ,,,,,,"Barton Bad Pass Turnover (P2.T9), Brewer STEAL (2 STL)"
"=""0021700240""",2017-2018 Regular Season,2017-11-19,Nikola Jokic,Will Barton,Emmanuel Mudiay,Kenneth Faried,Juan Hernangomez,Kyle Kuzma,Lonzo Ball,Julius Randle,Jordan Clarkson,Corey Brewer,2,30,44,00:08:37,00:03:23,00:00:03,218,LAL,shot,Corey Brewer,,,,,,,,,Julius Randle,2,,,made,,Running Layup,1,0,14,25.0,87.6,Randle 1' Running Layup (15 PTS) (Brewer 2 AST)
"=""0021700240""",2017-2018 Regular Season,2017-11-19,Nikola Jokic,Will Barton,Emmanuel Mudiay,Kenneth Faried,Juan Hernangomez,Kyle Kuzma,Lonzo Ball,Julius Randle,Jordan Clarkson,Corey Brewer,2,30,44,00:08:37,00:03:23,00:00:00,220,,timeout,,,,,,,,,,,,,,,, timeout: regular,,,,,,Nuggets Timeout: Regular (Reg.3 Short 0)
"=""0021700240""",2017-2018 Regular Season,2017-11-19,Nikola Jokic,Will Barton,Kenneth Faried,Juan Hernangomez,Wilson Chandler,Kyle Kuzma,Lonzo Ball,Julius Randle,Jordan Clarkson,Corey Brewer,2,30,44,00:08:37,00:03:23,00:00:00,221,DEN,sub,,,,,Wilson Chandler,Emmanuel Mudiay,,,,Emmanuel Mudiay,,,,,,sub,,,,,,SUB: Chandler FOR Mudiay
"=""0021700240""",2017-2018 Regular Season,2017-11-19,Nikola Jokic,Kenneth Faried,Juan Hernangomez,Wilson Chandler,Paul Millsap,Kyle Kuzma,Lonzo Ball,Julius Randle,Jordan Clarkson,Corey Brewer,2,30,44,00:08:37,00:03:23,00:00:00,222,DEN,sub,,,,,Paul Millsap,Will Barton,,,,Will Barton,,,,,,sub,,,,,,SUB: Millsap FOR Barton
"=""0021700240""",2017-2018 Regular Season,2017-11-19,Nikola Jokic,Kenneth Faried,Wilson Chandler,Paul Millsap,Jamal Murray,Kyle Kuzma,Lonzo Ball,Julius Randle,Jordan Clarkson,Corey Brewer,2,30,44,00:08:37,00:03:23,00:00:00,223,DEN,sub,,,,,Jamal Murray,Juan Hernangomez,,,,Juan Hernangomez,,,,,,sub,,,,,,SUB: Murray FOR Hernangomez
"=""0021700240""",2017-2018 Regular Season,2017-11-19,Nikola Jokic,Wilson Chandler,Paul Millsap,Jamal Murray,Gary Harris,Kyle Kuzma,Lonzo Ball,Julius Randle,Jordan Clarkson,Corey Brewer,2,30,44,00:08:37,00:03:23,00:00:00,224,DEN,sub,,,,,Gary Harris,Kenneth Faried,,,,Kenneth Faried,,,,,,sub,,,,,,SUB: Harris FOR Faried
"=""0021700240""",2017-2018 Regular Season,2017-11-19,Nikola Jokic,Wilson Chandler,Paul Millsap,Jamal Murray,Gary Harris,Kyle Kuzma,Lonzo Ball,Julius Randle,Jordan Clarkson,Corey Brewer,2,30,44,00:08:21,00:03:39,00:00:16,229,DEN,turnover,,,,,,,,,,Nikola Jokic,,,lost ball ,,Corey Brewer,lost ball ,,,,,,"Jokic Lost Ball Turnover (P2.T10), Brewer STEAL (3 STL)"
"=""0021700240""",2017-2018 Regular Season,2017-11-19,Nikola Jokic,Wilson Chandler,Paul Millsap,Jamal Murray,Gary Harris,Kyle Kuzma,Lonzo Ball,Julius Randle,Jordan Clarkson,Corey Brewer,2,30,46,00:08:17,00:03:43,00:00:04,231,LAL,shot,,,,,,,,,,Lonzo Ball,2,,,made,,Running Layup,2,0,22,25.0,86.8,Ball 2' Running Layup (2 PTS)
"=""0021700240""",2017-2018 Regular Season,2017-11-19,Nikola Jokic,Wilson Chandler,Paul Millsap,Jamal Murray,Gary Harris,Kyle Kuzma,Lonzo Ball,Julius Randle,Jordan Clarkson,Corey Brewer,2,30,46,00:08:02,00:03:58,00:00:15,232,DEN,turnover,,,,,,,,,,Wilson Chandler,,,bad pass ,,Corey Brewer,bad pass ,,,,,,"Chandler Bad Pass Turnover (P2.T11), Brewer STEAL (4 STL)"
"=""0021700240""",2017-2018 Regular Season,2017-11-19,Nikola Jokic,Wilson Chandler,Paul Millsap,Jamal Murray,Gary Harris,Kyle Kuzma,Lonzo Ball,Julius Randle,Jordan Clarkson,Corey Brewer,2,30,46,00:08:02,00:03:58,00:00:00,234,DEN,foul,,,,,,,,Corey Brewer,,Paul Millsap,,,p.foul,,,p.foul,,,,,,Millsap P.FOUL (P1.T2) (M.Ervin)
"=""0021700240""",2017-2018 Regular Season,2017-11-19,Nikola Jokic,Wilson Chandler,Paul Millsap,Jamal Murray,Gary Harris,Kyle Kuzma,Lonzo Ball,Julius Randle,Jordan Clarkson,Corey Brewer,2,30,46,00:07:54,00:04:06,00:00:08,236,LAL,turnover,,,,,,,,,,Lonzo Ball,,,bad pass ,,Nikola Jokic,bad pass ,,,,,,"Jokic STEAL (1 STL), Ball Bad Pass Turnover (P1.T4)"
"=""0021700240""",2017-2018 Regular Season,2017-11-19,Nikola Jokic,Wilson Chandler,Paul Millsap,Jamal Murray,Gary Harris,Kyle Kuzma,Lonzo Ball,Julius Randle,Jordan Clarkson,Corey Brewer,2,30,46,00:07:49,00:04:11,00:00:05,238,DEN,miss,,,,,,,,,,Paul Millsap,0,,,missed,,Jump Shot,26,-149,217,39.9,26.7,MISS Millsap 26' 3PT Jump Shot
"=""0021700240""",2017-2018 Regular Season,2017-11-19,Nikola Jokic,Wilson Chandler,Paul Millsap,Jamal Murray,Gary Harris,Kyle Kuzma,Lonzo Ball,Julius Randle,Jordan Clarkson,Corey Brewer,2,30,46,00:07:43,00:04:17,00:00:06,239,LAL,rebound,,,,,,,,,,Lonzo Ball,,,,,,rebound defensive,,,,,,Ball REBOUND (Off:0 Def:3)
"=""0021700240""",2017-2018 Regular Season,2017-11-19,Nikola Jokic,Wilson Chandler,Paul Millsap,Jamal Murray,Gary Harris,Kyle Kuzma,Lonzo Ball,Julius Randle,Jordan Clarkson,Corey Brewer,2,30,46,00:07:31,00:04:29,00:00:12,240,DEN,foul,,,,,,,,Jordan Clarkson,,Paul Millsap,,,s.foul,,,s.foul,,,,,,Millsap S.FOUL (P2.T3) (K.Lane)
"=""0021700240""",2017-2018 Regular Season,2017-11-19,Nikola Jokic,Wilson Chandler,Paul Millsap,Jamal Murray,Gary Harris,Kyle Kuzma,Lonzo Ball,Julius Randle,Jordan Clarkson,Corey Brewer,2,30,47,00:07:31,00:04:29,00:00:00,242,LAL,free throw,,,,,,,1,,2,Jordan Clarkson,1,,,made,,Free Throw 1 of 2,,,,,,Clarkson Free Throw 1 of 2 (7 PTS)
"=""0021700240""",2017-2018 Regular Season,2017-11-19,Nikola Jokic,Wilson Chandler,Paul Millsap,Jamal Murray,Gary Harris,Kyle Kuzma,Lonzo Ball,Julius Randle,Jordan Clarkson,Corey Brewer,2,30,48,00:07:31,00:04:29,00:00:00,243,LAL,free throw,,,,,,,2,,2,Jordan Clarkson,1,,,made,,Free Throw 2 of 2,,,,,,Clarkson Free Throw 2 of 2 (8 PTS)
"=""0021700240""",2017-2018 Regular Season,2017-11-19,Nikola Jokic,Wilson Chandler,Paul Millsap,Jamal Murray,Gary Harris,Kyle Kuzma,Lonzo Ball,Julius Randle,Jordan Clarkson,Corey Brewer,2,30,48,00:07:17,00:04:43,00:00:14,244,DEN,miss,,,,,,,,,,Jamal Murray,0,,,missed,,Jump Shot,25,182,178,6.8,22.8,MISS Murray 25' 3PT Jump Shot
"=""0021700240""",2017-2018 Regular Season,2017-11-19,Nikola Jokic,Wilson Chandler,Paul Millsap,Jamal Murray,Gary Harris,Kyle Kuzma,Lonzo Ball,Julius Randle,Jordan Clarkson,Corey Brewer,2,30,48,00:07:14,00:04:46,00:00:03,245,LAL,rebound,,,,,,,,,,Lonzo Ball,,,,,,rebound defensive,,,,,,Ball REBOUND (Off:0 Def:4)
"=""0021700240""",2017-2018 Regular Season,2017-11-19,Nikola Jokic,Wilson Chandler,Paul Millsap,Jamal Murray,Gary Harris,Kyle Kuzma,Lonzo Ball,Julius Randle,Jordan Clarkson,Corey Brewer,2,30,50,00:07:08,00:04:52,00:00:06,246,LAL,shot,Lonzo Ball,,,,,,,,,Julius Randle,2,,,made,,Finger Roll Layup,3,3,29,25.3,86.1,Randle 3' Finger Roll Layup (17 PTS) (Ball 5 AST)
"=""0021700240""",2017-2018 Regular Season,2017-11-19,Nikola Jokic,Wilson Chandler,Paul Millsap,Jamal Murray,Gary Harris,Kyle Kuzma,Lonzo Ball,Julius Randle,Jordan Clarkson,Corey Brewer,2,30,50,00:06:56,00:05:04,00:00:12,248,LAL,foul,,,,,,,,Nikola Jokic,,Lonzo Ball,,,s.foul,,,s.foul,,,,,,Ball S.FOUL (P2.T2) (K.Lane)
"=""0021700240""",2017-2018 Regular Season,2017-11-19,Nikola Jokic,Wilson Chandler,Paul Millsap,Jamal Murray,Gary Harris,Kyle Kuzma,Lonzo Ball,Julius Randle,Jordan Clarkson,Corey Brewer,2,31,50,00:06:56,00:05:04,00:00:00,250,DEN,free throw,,,,,,,1,,2,Nikola Jokic,1,,,made,,Free Throw 1 of 2,,,,,,Jokic Free Throw 1 of 2 (5 PTS)
"=""0021700240""",2017-2018 Regular Season,2017-11-19,Nikola Jokic,Wilson Chandler,Paul Millsap,Jamal Murray,Gary Harris,Kyle Kuzma,Lonzo Ball,Julius Randle,Jordan Clarkson,Corey Brewer,2,32,50,00:06:56,00:05:04,00:00:00,251,DEN,free throw,,,,,,,2,,2,Nikola Jokic,1,,,made,,Free Throw 2 of 2,,,,,,Jokic Free Throw 2 of 2 (6 PTS)
"=""0021700240""",2017-2018 Regular Season,2017-11-19,Nikola Jokic,Wilson Chandler,Paul Millsap,Jamal Murray,Gary Harris,Kyle Kuzma,Lonzo Ball,Julius Randle,Jordan Clarkson,Corey Brewer,2,32,50,00:06:49,00:05:11,00:00:07,252,LAL,turnover,,,,,,,,,,Julius Randle,,,,,,unknown,,,,,,Randle Out of Bounds - Bad Pass Turnover Turnover (P1.T5)
"=""0021700240""",2017-2018 Regular Season,2017-11-19,Nikola Jokic,Wilson Chandler,Paul Millsap,Jamal Murray,Gary Harris,Kyle Kuzma,Lonzo Ball,Julius Randle,Jordan Clarkson,Corey Brewer,2,32,50,00:06:25,00:05:35,00:00:24,253,DEN,miss,,,,,,,,,,Jamal Murray,0,,,missed,,unknown,2,-17,8,26.7,5.8,MISS Murray 2' Driving Layup
"=""0021700240""",2017-2018 Regular Season,2017-11-19,Nikola Jokic,Wilson Chandler,Paul Millsap,Jamal Murray,Gary Harris,Kyle Kuzma,Lonzo Ball,Julius Randle,Jordan Clarkson,Corey Brewer,2,32,50,00:06:21,00:05:39,00:00:04,254,DEN,rebound,,,,,,,,,,Nikola Jokic,,,,,,rebound offensive,,,,,,Jokic REBOUND (Off:3 Def:2)
"=""0021700240""",2017-2018 Regular Season,2017-11-19,Nikola Jokic,Wilson Chandler,Paul Millsap,Jamal Murray,Gary Harris,Kyle Kuzma,Lonzo Ball,Julius Randle,Jordan Clarkson,Corey Brewer,2,32,50,00:06:20,00:05:40,00:00:01,255,DEN,miss,,,,,,,,,,Nikola Jokic,0,,,missed,,Layup,2,-1,18,25.1,6.8,MISS Jokic 2' Layup
"=""0021700240""",2017-2018 Regular Season,2017-11-19,Nikola Jokic,Wilson Chandler,Paul Millsap,Jamal Murray,Gary Harris,Kyle Kuzma,Lonzo Ball,Julius Randle,Jordan Clarkson,Corey Brewer,2,32,50,00:06:20,00:05:40,00:00:00,256,DEN,rebound,,,,,,,,,,Nikola Jokic,,,,,,rebound offensive,,,,,,Jokic REBOUND (Off:4 Def:2)
"=""0021700240""",2017-2018 Regular Season,2017-11-19,Nikola Jokic,Wilson Chandler,Paul Millsap,Jamal Murray,Gary Harris,Kyle Kuzma,Lonzo Ball,Julius Randle,Jordan Clarkson,Corey Brewer,2,32,50,00:06:20,00:05:40,00:00:00,257,DEN,miss,,,,,,,,,,Nikola Jokic,0,,,missed,,unknown,1,0,-6,25.0,4.4,MISS Jokic 1' Tip Layup Shot
"=""0021700240""",2017-2018 Regular Season,2017-11-19,Nikola Jokic,Wilson Chandler,Paul Millsap,Jamal Murray,Gary Harris,Kyle Kuzma,Lonzo Ball,Julius Randle,Jordan Clarkson,Corey Brewer,2,32,50,00:06:20,00:05:40,00:00:00,258,LAL,rebound,,,,,,,,,,Julius Randle,,,,,,rebound defensive,,,,,,Randle REBOUND (Off:0 Def:3)
"=""0021700240""",2017-2018 Regular Season,2017-11-19,Nikola Jokic,Wilson Chandler,Paul Millsap,Jamal Murray,Gary Harris,Kyle Kuzma,Lonzo Ball,Julius Randle,Jordan Clarkson,Corey Brewer,2,32,50,00:06:20,00:05:40,00:00:00,278,DEN,foul,,,,,,,,,,Michael Malone,,,foul,,,foul,,,,,,Malone T.FOUL (P0.T3) (R.Mott)
"=""0021700240""",2017-2018 Regular Season,2017-11-19,Nikola Jokic,Wilson Chandler,Paul Millsap,Jamal Murray,Gary Harris,Kyle Kuzma,Lonzo Ball,Julius Randle,Jordan Clarkson,Corey Brewer,2,32,50,00:06:20,00:05:40,00:00:00,259,DEN,foul,,,,,,,,,,Nikola Jokic,,,foul,,,foul,,,,,,Jokic T.FOUL (P2.T3) (R.Mott)
"=""0021700240""",2017-2018 Regular Season,2017-11-19,Nikola Jokic,Wilson Chandler,Paul Millsap,Jamal Murray,Gary Harris,Kyle Kuzma,Lonzo Ball,Julius Randle,Jordan Clarkson,Corey Brewer,2,32,51,00:06:20,00:05:40,00:00:00,260,LAL,free throw,,,,,,,1,,1,Jordan Clarkson,1,,,made,,Free Throw Technical,,,,,,Clarkson Free Throw Technical (9 PTS)
"=""0021700240""",2017-2018 Regular Season,2017-11-19,Nikola Jokic,Wilson Chandler,Paul Millsap,Jamal Murray,Gary Harris,Kyle Kuzma,Lonzo Ball,Julius Randle,Jordan Clarkson,Corey Brewer,2,32,52,00:06:20,00:05:40,00:00:00,261,LAL,free throw,,,,,,,1,,1,Jordan Clarkson,1,,,made,,Free Throw Technical,,,,,,Clarkson Free Throw Technical (10 PTS)
"=""0021700240""",2017-2018 Regular Season,2017-11-19,Nikola Jokic,Wilson Chandler,Paul Millsap,Jamal Murray,Gary Harris,Kyle Kuzma,Lonzo Ball,Julius Randle,Jordan Clarkson,Corey Brewer,2,32,52,00:06:20,00:05:40,00:00:00,262,DEN,ejection,,,,,,,,,,Michael Malone,,,,,,Ejection:Other,,,,,,Malone Ejection:Other
"=""0021700240""",2017-2018 Regular Season,2017-11-19,Nikola Jokic,Wilson Chandler,Paul Millsap,Jamal Murray,Gary Harris,Kyle Kuzma,Lonzo Ball,Julius Randle,Jordan Clarkson,Corey Brewer,2,32,52,00:06:20,00:05:40,00:00:00,263,DEN,ejection,,,,,,,,,,Nikola Jokic,,,,,,Ejection:Other,,,,,,Jokic Ejection:Other
"=""0021700240""",2017-2018 Regular Season,2017-11-19,Nikola Jokic,Wilson Chandler,Paul Millsap,Jamal Murray,Gary Harris,Kyle Kuzma,Lonzo Ball,Julius Randle,Jordan Clarkson,Corey Brewer,2,32,52,00:06:20,00:05:40,00:00:00,264,,timeout,,,,,,,,,,,,,,,, timeout: regular,,,,,,LAKERS Timeout: Regular (Full 2 Short 0)
"=""0021700240""",2017-2018 Regular Season,2017-11-19,Nikola Jokic,Wilson Chandler,Paul Millsap,Jamal Murray,Gary Harris,Kyle Kuzma,Lonzo Ball,Julius Randle,Jordan Clarkson,Kentavious Caldwell-Pope,2,32,52,00:06:20,00:05:40,00:00:00,265,LAL,sub,,,,,Kentavious Caldwell-Pope,Corey Brewer,,,,Corey Brewer,,,,,,sub,,,,,,SUB: Caldwell-Pope FOR Brewer
"=""0021700240""",2017-2018 Regular Season,2017-11-19,Nikola Jokic,Wilson Chandler,Paul Millsap,Jamal Murray,Gary Harris,Kyle Kuzma,Lonzo Ball,Julius Randle,Kentavious Caldwell-Pope,Brook Lopez,2,32,52,00:06:20,00:05:40,00:00:00,266,LAL,sub,,,,,Brook Lopez,Jordan Clarkson,,,,Jordan Clarkson,,,,,,sub,,,,,,SUB: Lopez FOR Clarkson
"=""0021700240""",2017-2018 Regular Season,2017-11-19,Nikola Jokic,Wilson Chandler,Paul Millsap,Jamal Murray,Gary Harris,Kyle Kuzma,Lonzo Ball,Kentavious Caldwell-Pope,Brook Lopez,Brandon Ingram,2,32,52,00:06:20,00:05:40,00:00:00,267,LAL,sub,,,,,Brandon Ingram,Julius Randle,,,,Julius Randle,,,,,,sub,,,,,,SUB: Ingram FOR Randle
"=""0021700240""",2017-2018 Regular Season,2017-11-19,Wilson Chandler,Paul Millsap,Jamal Murray,Gary Harris,Mason Plumlee,Kyle Kuzma,Lonzo Ball,Kentavious Caldwell-Pope,Brook Lopez,Brandon Ingram,2,32,52,00:06:20,00:05:40,00:00:00,268,DEN,sub,,,,,Mason Plumlee,Nikola Jokic,,,,Nikola Jokic,,,,,,sub,,,,,,SUB: Plumlee FOR Jokic
"=""0021700240""",2017-2018 Regular Season,2017-11-19,Wilson Chandler,Paul Millsap,Jamal Murray,Gary Harris,Mason Plumlee,Kyle Kuzma,Lonzo Ball,Kentavious Caldwell-Pope,Brook Lopez,Brandon Ingram,2,32,52,00:06:15,00:05:45,00:00:05,273,DEN,foul,,,,,,,,Lonzo Ball,,Jamal Murray,,,p.foul,,,p.foul,,,,,,Murray P.FOUL (P1.T4) (M.Ervin)
"=""0021700240""",2017-2018 Regular Season,2017-11-19,Wilson Chandler,Paul Millsap,Jamal Murray,Gary Harris,Mason Plumlee,Kyle Kuzma,Lonzo Ball,Kentavious Caldwell-Pope,Brook Lopez,Brandon Ingram,2,32,52,00:06:15,00:05:45,00:00:00,275,DEN,foul,,,,,,,,,,Jamal Murray,,,foul,,,foul,,,,,,Murray T.FOUL (P1.T4) (R.Mott)
"=""0021700240""",2017-2018 Regular Season,2017-11-19,Wilson Chandler,Paul Millsap,Jamal Murray,Gary Harris,Mason Plumlee,Kyle Kuzma,Lonzo Ball,Kentavious Caldwell-Pope,Brook Lopez,Brandon Ingram,2,32,52,00:06:15,00:05:45,00:00:00,276,LAL,free throw,,,,,,,1,,1,Kyle Kuzma,0,,,missed,,Free Throw Technical,,,,,,MISS Kuzma Free Throw Technical
"=""0021700240""",2017-2018 Regular Season,2017-11-19,Wilson Chandler,Paul Millsap,Jamal Murray,Gary Harris,Mason Plumlee,Kyle Kuzma,Lonzo Ball,Kentavious Caldwell-Pope,Brook Lopez,Brandon Ingram,2,32,52,00:06:15,00:05:45,00:00:00,277,,rebound,,,,,,,,,,,,,,,,team rebound,,,,,,LAKERS Rebound
"=""0021700240""",2017-2018 Regular Season,2017-11-19,Wilson Chandler,Paul Millsap,Jamal Murray,Gary Harris,Mason Plumlee,Kyle Kuzma,Lonzo Ball,Kentavious Caldwell-Pope,Brook Lopez,Brandon Ingram,2,32,52,00:06:02,00:05:58,00:00:13,279,LAL,miss,,,,,,,,,,Lonzo Ball,0,,,missed,,Jump Shot,8,19,79,26.9,81.1,MISS Ball 8' Jump Shot
"=""0021700240""",2017-2018 Regular Season,2017-11-19,Wilson Chandler,Paul Millsap,Jamal Murray,Gary Harris,Mason Plumlee,Kyle Kuzma,Lonzo Ball,Kentavious Caldwell-Pope,Brook Lopez,Brandon Ingram,2,32,52,00:06:02,00:05:58,00:00:00,280,LAL,rebound,,,,,,,,,,Lonzo Ball,,,,,,rebound offensive,,,,,,Ball REBOUND (Off:1 Def:4)
"=""0021700240""",2017-2018 Regular Season,2017-11-19,Wilson Chandler,Paul Millsap,Jamal Murray,Gary Harris,Mason Plumlee,Kyle Kuzma,Lonzo Ball,Kentavious Caldwell-Pope,Brook Lopez,Brandon Ingram,2,32,52,00:05:57,00:06:03,00:00:05,281,LAL,miss,,,,,,,,,,Kentavious Caldwell-Pope,0,,,missed,,Jump Shot,23,230,-1,48.0,89.1,MISS Caldwell-Pope  3PT Jump Shot
"=""0021700240""",2017-2018 Regular Season,2017-11-19,Wilson Chandler,Paul Millsap,Jamal Murray,Gary Harris,Mason Plumlee,Kyle Kuzma,Lonzo Ball,Kentavious Caldwell-Pope,Brook Lopez,Brandon Ingram,2,32,52,00:05:45,00:06:15,00:00:12,282,LAL,rebound,,,,,,,,,,Lonzo Ball,,,,,,rebound offensive,,,,,,Ball REBOUND (Off:2 Def:4)
"=""0021700240""",2017-2018 Regular Season,2017-11-19,Wilson Chandler,Paul Millsap,Jamal Murray,Gary Harris,Mason Plumlee,Kyle Kuzma,Lonzo Ball,Kentavious Caldwell-Pope,Brook Lopez,Brandon Ingram,2,32,54,00:05:45,00:06:15,00:00:00,283,LAL,shot,,,,,,,,,,Lonzo Ball,2,,,made,,Putback Layup,1,0,-6,25.0,89.6,Ball 1' Putback Layup (4 PTS)
"=""0021700240""",2017-2018 Regular Season,2017-11-19,Wilson Chandler,Paul Millsap,Jamal Murray,Gary Harris,Mason Plumlee,Kyle Kuzma,Lonzo Ball,Kentavious Caldwell-Pope,Brook Lopez,Brandon Ingram,2,32,54,00:05:34,00:06:26,00:00:11,284,DEN,miss,,,,,,,,,,Wilson Chandler,0,,,missed,,Jump Shot,26,96,244,15.4,29.4,MISS Chandler 26' 3PT Jump Shot
"=""0021700240""",2017-2018 Regular Season,2017-11-19,Wilson Chandler,Paul Millsap,Jamal Murray,Gary Harris,Mason Plumlee,Kyle Kuzma,Lonzo Ball,Kentavious Caldwell-Pope,Brook Lopez,Brandon Ingram,2,32,54,00:05:30,00:06:30,00:00:04,285,LAL,rebound,,,,,,,,,,Kentavious Caldwell-Pope,,,,,,rebound defensive,,,,,,Caldwell-Pope REBOUND (Off:0 Def:2)
"=""0021700240""",2017-2018 Regular Season,2017-11-19,Wilson Chandler,Paul Millsap,Jamal Murray,Gary Harris,Mason Plumlee,Kyle Kuzma,Lonzo Ball,Kentavious Caldwell-Pope,Brook Lopez,Brandon Ingram,2,32,54,00:05:28,00:06:32,00:00:02,286,LAL,turnover,,,,,,,,,,Lonzo Ball,,,discontinue dribble turnover,,,discontinue dribble turnover,,,,,,Ball Discontinue Dribble Turnover (P2.T6)
"=""0021700240""",2017-2018 Regular Season,2017-11-19,Wilson Chandler,Paul Millsap,Jamal Murray,Gary Harris,Mason Plumlee,Kyle Kuzma,Lonzo Ball,Kentavious Caldwell-Pope,Brook Lopez,Brandon Ingram,2,32,54,00:05:15,00:06:45,00:00:13,287,LAL,foul,,,,,,,,Wilson Chandler,,Brandon Ingram,,,s.foul,,,s.foul,,,,,,Ingram S.FOUL (P3.T3) (M.Ervin)
"=""0021700240""",2017-2018 Regular Season,2017-11-19,Wilson Chandler,Paul Millsap,Jamal Murray,Gary Harris,Mason Plumlee,Kyle Kuzma,Lonzo Ball,Kentavious Caldwell-Pope,Brook Lopez,Brandon Ingram,2,33,54,00:05:15,00:06:45,00:00:00,289,DEN,free throw,,,,,,,1,,2,Wilson Chandler,1,,,made,,Free Throw 1 of 2,,,,,,Chandler Free Throw 1 of 2 (6 PTS)
"=""0021700240""",2017-2018 Regular Season,2017-11-19,Wilson Chandler,Paul Millsap,Jamal Murray,Gary Harris,Mason Plumlee,Kyle Kuzma,Lonzo Ball,Kentavious Caldwell-Pope,Brook Lopez,Corey Brewer,2,33,54,00:05:15,00:06:45,00:00:00,290,LAL,sub,,,,,Corey Brewer,Brandon Ingram,,,,Brandon Ingram,,,,,,sub,,,,,,SUB: Brewer FOR Ingram
"=""0021700240""",2017-2018 Regular Season,2017-11-19,Wilson Chandler,Paul Millsap,Jamal Murray,Gary Harris,Mason Plumlee,Kyle Kuzma,Lonzo Ball,Kentavious Caldwell-Pope,Brook Lopez,Corey Brewer,2,34,54,00:05:15,00:06:45,00:00:00,292,DEN,free throw,,,,,,,2,,2,Wilson Chandler,1,,,made,,Free Throw 2 of 2,,,,,,Chandler Free Throw 2 of 2 (7 PTS)
"=""0021700240""",2017-2018 Regular Season,2017-11-19,Wilson Chandler,Paul Millsap,Jamal Murray,Gary Harris,Mason Plumlee,Kyle Kuzma,Lonzo Ball,Kentavious Caldwell-Pope,Brook Lopez,Corey Brewer,2,34,54,00:05:03,00:06:57,00:00:12,293,LAL,miss,,,,,,,,,,Brook Lopez,0,,,missed,,unknown,4,24,26,27.4,86.4,MISS Lopez 4' Driving Floating Jump Shot
"=""0021700240""",2017-2018 Regular Season,2017-11-19,Wilson Chandler,Paul Millsap,Jamal Murray,Gary Harris,Mason Plumlee,Kyle Kuzma,Lonzo Ball,Kentavious Caldwell-Pope,Brook Lopez,Corey Brewer,2,34,54,00:04:56,00:07:04,00:00:07,294,LAL,rebound,,,,,,,,,,Brook Lopez,,,,,,rebound offensive,,,,,,Lopez REBOUND (Off:2 Def:1)
"=""0021700240""",2017-2018 Regular Season,2017-11-19,Wilson Chandler,Paul Millsap,Jamal Murray,Gary Harris,Mason Plumlee,Kyle Kuzma,Lonzo Ball,Kentavious Caldwell-Pope,Brook Lopez,Corey Brewer,2,34,56,00:04:56,00:07:04,00:00:00,295,LAL,shot,,,,,,,,,,Brook Lopez,2,,,made,,Putback Dunk,1,0,-6,25.0,89.6,Lopez 1' Putback Dunk (12 PTS)
"=""0021700240""",2017-2018 Regular Season,2017-11-19,Wilson Chandler,Paul Millsap,Jamal Murray,Gary Harris,Mason Plumlee,Kyle Kuzma,Lonzo Ball,Kentavious Caldwell-Pope,Brook Lopez,Corey Brewer,2,36,56,00:04:41,00:07:19,00:00:15,296,DEN,shot,Wilson Chandler,,,,,,,,,Mason Plumlee,2,,,made,,unknown,2,-1,20,25.1,7.0,Plumlee 2' Cutting Dunk Shot (2 PTS) (Chandler 1 AST)
"=""0021700240""",2017-2018 Regular Season,2017-11-19,Wilson Chandler,Paul Millsap,Jamal Murray,Gary Harris,Mason Plumlee,Kyle Kuzma,Lonzo Ball,Kentavious Caldwell-Pope,Brook Lopez,Corey Brewer,2,36,59,00:04:32,00:07:28,00:00:09,298,LAL,shot,Lonzo Ball,,,,,,,,,Kyle Kuzma,3,,,made,,Jump Shot,26,188,176,43.8,71.4,Kuzma 26' 3PT Jump Shot (10 PTS) (Ball 6 AST)
"=""0021700240""",2017-2018 Regular Season,2017-11-19,Wilson Chandler,Paul Millsap,Jamal Murray,Gary Harris,Mason Plumlee,Kyle Kuzma,Lonzo Ball,Kentavious Caldwell-Pope,Brook Lopez,Corey Brewer,2,36,59,00:04:23,00:07:37,00:00:09,300,LAL,foul,,,,,,,,Paul Millsap,,Kyle Kuzma,,,p.foul,,,p.foul,,,,,,Kuzma P.FOUL (P1.T4) (R.Mott)
"=""0021700240""",2017-2018 Regular Season,2017-11-19,Wilson Chandler,Paul Millsap,Jamal Murray,Gary Harris,Mason Plumlee,Kyle Kuzma,Kentavious Caldwell-Pope,Brook Lopez,Corey Brewer,Jordan Clarkson,2,36,59,00:04:23,00:07:37,00:00:00,302,LAL,sub,,,,,Jordan Clarkson,Lonzo Ball,,,,Lonzo Ball,,,,,,sub,,,,,,SUB: Clarkson FOR Ball
"=""0021700240""",2017-2018 Regular Season,2017-11-19,Wilson Chandler,Paul Millsap,Gary Harris,Mason Plumlee,Will Barton,Kyle Kuzma,Kentavious Caldwell-Pope,Brook Lopez,Corey Brewer,Jordan Clarkson,2,36,59,00:04:23,00:07:37,00:00:00,303,DEN,sub,,,,,Will Barton,Jamal Murray,,,,Jamal Murray,,,,,,sub,,,,,,SUB: Barton FOR Murray
"=""0021700240""",2017-2018 Regular Season,2017-11-19,Wilson Chandler,Paul Millsap,Gary Harris,Mason Plumlee,Will Barton,Kyle Kuzma,Kentavious Caldwell-Pope,Brook Lopez,Corey Brewer,Jordan Clarkson,2,39,59,00:04:06,00:07:54,00:00:17,306,DEN,shot,Paul Millsap,,,,,,,,,Gary Harris,3,,,made,,Jump Shot,29,146,254,10.4,30.4,Harris 29' 3PT Jump Shot (9 PTS) (Millsap 2 AST)
"=""0021700240""",2017-2018 Regular Season,2017-11-19,Wilson Chandler,Paul Millsap,Gary Harris,Mason Plumlee,Will Barton,Kyle Kuzma,Kentavious Caldwell-Pope,Brook Lopez,Corey Brewer,Jordan Clarkson,2,39,61,00:03:40,00:08:20,00:00:26,308,LAL,shot,Kyle Kuzma,,,,,,,,,Brook Lopez,2,,,made,,unknown,3,18,21,26.8,86.9,Lopez 3' Driving Layup (14 PTS) (Kuzma 2 AST)
"=""0021700240""",2017-2018 Regular Season,2017-11-19,Wilson Chandler,Paul Millsap,Gary Harris,Mason Plumlee,Will Barton,Kyle Kuzma,Kentavious Caldwell-Pope,Brook Lopez,Corey Brewer,Jordan Clarkson,2,39,61,00:03:33,00:08:27,00:00:07,310,DEN,turnover,,,,,,,,,,Gary Harris,,,,,,unknown,,,,,,Harris Out of Bounds - Bad Pass Turnover Turnover (P2.T12)
"=""0021700240""",2017-2018 Regular Season,2017-11-19,Wilson Chandler,Paul Millsap,Gary Harris,Mason Plumlee,Will Barton,Kyle Kuzma,Kentavious Caldwell-Pope,Brook Lopez,Corey Brewer,Jordan Clarkson,2,39,61,00:03:21,00:08:39,00:00:12,311,LAL,turnover,,,,,,,,,,Jordan Clarkson,,,bad pass ,,Mason Plumlee,bad pass ,,,,,,"Plumlee STEAL (1 STL), Clarkson Bad Pass Turnover (P1.T7)"
"=""0021700240""",2017-2018 Regular Season,2017-11-19,Wilson Chandler,Paul Millsap,Gary Harris,Mason Plumlee,Will Barton,Kyle Kuzma,Kentavious Caldwell-Pope,Brook Lopez,Corey Brewer,Jordan Clarkson,2,39,61,00:03:21,00:08:39,00:00:00,313,LAL,foul,,,,,,,,Mason Plumlee,,Brook Lopez,,,personal take foul,,,personal take foul,,,,,,Lopez Personal Take Foul (P2.PN) (K.Lane)
"=""0021700240""",2017-2018 Regular Season,2017-11-19,Wilson Chandler,Paul Millsap,Gary Harris,Mason Plumlee,Will Barton,Kyle Kuzma,Kentavious Caldwell-Pope,Brook Lopez,Corey Brewer,Jordan Clarkson,2,39,61,00:03:21,00:08:39,00:00:00,315,DEN,free throw,,,,,,,1,,2,Mason Plumlee,0,,,missed,,Free Throw 1 of 2,,,,,,MISS Plumlee Free Throw 1 of 2
"=""0021700240""",2017-2018 Regular Season,2017-11-19,Wilson Chandler,Paul Millsap,Gary Harris,Mason Plumlee,Will Barton,Kyle Kuzma,Kentavious Caldwell-Pope,Brook Lopez,Corey Brewer,Jordan Clarkson,2,39,61,00:03:21,00:08:39,00:00:00,316,,rebound,,,,,,,,,,,,,,,,team rebound,,,,,,Nuggets Rebound
"=""0021700240""",2017-2018 Regular Season,2017-11-19,Wilson Chandler,Gary Harris,Mason Plumlee,Will Barton,Emmanuel Mudiay,Kyle Kuzma,Kentavious Caldwell-Pope,Brook Lopez,Corey Brewer,Jordan Clarkson,2,39,61,00:03:21,00:08:39,00:00:00,317,DEN,sub,,,,,Emmanuel Mudiay,Paul Millsap,,,,Paul Millsap,,,,,,sub,,,,,,SUB: Mudiay FOR Millsap
"=""0021700240""",2017-2018 Regular Season,2017-11-19,Wilson Chandler,Gary Harris,Mason Plumlee,Will Barton,Emmanuel Mudiay,Kyle Kuzma,Kentavious Caldwell-Pope,Brook Lopez,Corey Brewer,Jordan Clarkson,2,39,61,00:03:21,00:08:39,00:00:00,319,DEN,free throw,,,,,,,2,,2,Mason Plumlee,0,,,missed,,Free Throw 2 of 2,,,,,,MISS Plumlee Free Throw 2 of 2
"=""0021700240""",2017-2018 Regular Season,2017-11-19,Wilson Chandler,Gary Harris,Mason Plumlee,Will Barton,Emmanuel Mudiay,Kyle Kuzma,Kentavious Caldwell-Pope,Brook Lopez,Corey Brewer,Jordan Clarkson,2,39,61,00:03:17,00:08:43,00:00:04,320,DEN,rebound,,,,,,,,,,Mason Plumlee,,,,,,rebound offensive,,,,,,Plumlee REBOUND (Off:2 Def:0)
"=""0021700240""",2017-2018 Regular Season,2017-11-19,Wilson Chandler,Gary Harris,Mason Plumlee,Will Barton,Emmanuel Mudiay,Kyle Kuzma,Kentavious Caldwell-Pope,Brook Lopez,Corey Brewer,Jordan Clarkson,2,42,61,00:03:13,00:08:47,00:00:04,321,DEN,shot,Mason Plumlee,,,,,,,,,Gary Harris,3,,,made,,Jump Shot,25,-242,48,49.2,9.8,Harris 25' 3PT Jump Shot (12 PTS) (Plumlee 1 AST)
"=""0021700240""",2017-2018 Regular Season,2017-11-19,Wilson Chandler,Gary Harris,Mason Plumlee,Will Barton,Emmanuel Mudiay,Kyle Kuzma,Kentavious Caldwell-Pope,Brook Lopez,Corey Brewer,Jordan Clarkson,2,42,61,00:03:13,00:08:47,00:00:00,323,,timeout,,,,,,,,,,,,,,,, timeout: regular,,,,,,LAKERS Timeout: Regular (Full 3 Short 0)
"=""0021700240""",2017-2018 Regular Season,2017-11-19,Wilson Chandler,Gary Harris,Mason Plumlee,Will Barton,Emmanuel Mudiay,Kentavious Caldwell-Pope,Brook Lopez,Corey Brewer,Jordan Clarkson,Josh Hart,2,42,61,00:03:13,00:08:47,00:00:00,324,LAL,sub,,,,,Josh Hart,Kyle Kuzma,,,,Kyle Kuzma,,,,,,sub,,,,,,SUB: Hart FOR Kuzma
"=""0021700240""",2017-2018 Regular Season,2017-11-19,Wilson Chandler,Gary Harris,Mason Plumlee,Will Barton,Emmanuel Mudiay,Brook Lopez,Corey Brewer,Jordan Clarkson,Josh Hart,Julius Randle,2,42,61,00:03:13,00:08:47,00:00:00,325,LAL,sub,,,,,Julius Randle,Kentavious Caldwell-Pope,,,,Kentavious Caldwell-Pope,,,,,,sub,,,,,,SUB: Randle FOR Caldwell-Pope
"=""0021700240""",2017-2018 Regular Season,2017-11-19,Wilson Chandler,Gary Harris,Mason Plumlee,Will Barton,Emmanuel Mudiay,Brook Lopez,Jordan Clarkson,Josh Hart,Julius Randle,Andrew Bogut,2,42,61,00:03:13,00:08:47,00:00:00,326,LAL,sub,,,,,Andrew Bogut,Corey Brewer,,,,Corey Brewer,,,,,,sub,,,,,,SUB: Bogut FOR Brewer
"=""0021700240""",2017-2018 Regular Season,2017-11-19,Wilson Chandler,Gary Harris,Mason Plumlee,Will Barton,Emmanuel Mudiay,Brook Lopez,Josh Hart,Julius Randle,Andrew Bogut,Brandon Ingram,2,42,61,00:03:13,00:08:47,00:00:00,327,LAL,sub,,,,,Brandon Ingram,Jordan Clarkson,,,,Jordan Clarkson,,,,,,sub,,,,,,SUB: Ingram FOR Clarkson
"=""0021700240""",2017-2018 Regular Season,2017-11-19,Wilson Chandler,Gary Harris,Mason Plumlee,Will Barton,Emmanuel Mudiay,Josh Hart,Julius Randle,Andrew Bogut,Brandon Ingram,Lonzo Ball,2,42,61,00:03:13,00:08:47,00:00:00,328,LAL,sub,,,,,Lonzo Ball,Brook Lopez,,,,Brook Lopez,,,,,,sub,,,,,,SUB: Ball FOR Lopez
"=""0021700240""",2017-2018 Regular Season,2017-11-19,Wilson Chandler,Gary Harris,Mason Plumlee,Will Barton,Emmanuel Mudiay,Josh Hart,Julius Randle,Andrew Bogut,Brandon Ingram,Lonzo Ball,2,42,61,00:02:52,00:09:08,00:00:21,334,LAL,miss,,,,Mason Plumlee,,,,,,Lonzo Ball,0,,,missed,,Reverse Layup,2,2,24,25.2,86.6,"Plumlee BLOCK (1 BLK), MISS Ball 2' Reverse Layup"
"=""0021700240""",2017-2018 Regular Season,2017-11-19,Wilson Chandler,Gary Harris,Mason Plumlee,Will Barton,Emmanuel Mudiay,Josh Hart,Julius Randle,Andrew Bogut,Brandon Ingram,Lonzo Ball,2,42,61,00:02:46,00:09:14,00:00:06,336,LAL,rebound,,,,,,,,,,Lonzo Ball,,,,,,rebound offensive,,,,,,Ball REBOUND (Off:3 Def:4)
"=""0021700240""",2017-2018 Regular Season,2017-11-19,Wilson Chandler,Gary Harris,Mason Plumlee,Will Barton,Emmanuel Mudiay,Josh Hart,Julius Randle,Andrew Bogut,Brandon Ingram,Lonzo Ball,2,42,61,00:02:44,00:09:16,00:00:02,337,LAL,miss,,,,,,,,,,Lonzo Ball,0,,,missed,,Layup,16,152,56,40.2,83.4,MISS Ball 16' Layup
"=""0021700240""",2017-2018 Regular Season,2017-11-19,Wilson Chandler,Gary Harris,Mason Plumlee,Will Barton,Emmanuel Mudiay,Josh Hart,Julius Randle,Andrew Bogut,Brandon Ingram,Lonzo Ball,2,42,61,00:02:36,00:09:24,00:00:08,338,LAL,rebound,,,,,,,,,,Andrew Bogut,,,,,,rebound offensive,,,,,,Bogut REBOUND (Off:1 Def:0)
"=""0021700240""",2017-2018 Regular Season,2017-11-19,Wilson Chandler,Gary Harris,Mason Plumlee,Will Barton,Emmanuel Mudiay,Josh Hart,Julius Randle,Andrew Bogut,Brandon Ingram,Lonzo Ball,2,42,63,00:02:36,00:09:24,00:00:00,339,LAL,shot,,,,,,,,,,Andrew Bogut,2,,,made,,unknown,1,0,-6,25.0,89.6,Bogut 1' Tip Layup Shot (2 PTS)
"=""0021700240""",2017-2018 Regular Season,2017-11-19,Wilson Chandler,Gary Harris,Mason Plumlee,Will Barton,Emmanuel Mudiay,Josh Hart,Julius Randle,Andrew Bogut,Brandon Ingram,Lonzo Ball,2,42,63,00:02:27,00:09:33,00:00:09,340,DEN,miss,,,,,,,,,,Wilson Chandler,0,,,missed,,Turnaround Jump Shot,21,-72,200,32.2,25.0,MISS Chandler 21' Turnaround Jump Shot
"=""0021700240""",2017-2018 Regular Season,2017-11-19,Wilson Chandler,Gary Harris,Mason Plumlee,Will Barton,Emmanuel Mudiay,Josh Hart,Julius Randle,Andrew Bogut,Brandon Ingram,Lonzo Ball,2,42,63,00:02:24,00:09:36,00:00:03,341,LAL,rebound,,,,,,,,,,Julius Randle,,,,,,rebound defensive,,,,,,Randle REBOUND (Off:0 Def:4)
"=""0021700240""",2017-2018 Regular Season,2017-11-19,Wilson Chandler,Gary Harris,Mason Plumlee,Will Barton,Emmanuel Mudiay,Josh Hart,Julius Randle,Andrew Bogut,Brandon Ingram,Lonzo Ball,2,42,63,00:02:24,00:09:36,00:00:00,342,LAL,miss,,,,Wilson Chandler,,,,,,Julius Randle,0,,,missed,,Running Layup,3,-5,27,24.5,86.3,"Chandler BLOCK (1 BLK), MISS Randle 3' Running Layup"
"=""0021700240""",2017-2018 Regular Season,2017-11-19,Wilson Chandler,Gary Harris,Mason Plumlee,Will Barton,Emmanuel Mudiay,Josh Hart,Julius Randle,Andrew Bogut,Brandon Ingram,Lonzo Ball,2,42,63,00:02:24,00:09:36,00:00:00,344,,rebound,,,,,,,,,,,,,,,,team rebound,,,,,,LAKERS Rebound
"=""0021700240""",2017-2018 Regular Season,2017-11-19,Wilson Chandler,Gary Harris,Mason Plumlee,Will Barton,Emmanuel Mudiay,Josh Hart,Julius Randle,Andrew Bogut,Brandon Ingram,Lonzo Ball,2,42,66,00:02:13,00:09:47,00:00:11,345,LAL,shot,Julius Randle,,,,,,,,,Lonzo Ball,3,,,made,,Jump Shot,25,-166,188,8.4,70.2,Ball 25' 3PT Jump Shot (7 PTS) (Randle 2 AST)
"=""0021700240""",2017-2018 Regular Season,2017-11-19,Wilson Chandler,Gary Harris,Mason Plumlee,Will Barton,Emmanuel Mudiay,Josh Hart,Julius Randle,Andrew Bogut,Brandon Ingram,Lonzo Ball,2,42,66,00:02:00,00:10:00,00:00:13,347,DEN,miss,,,,,,,,,,Gary Harris,0,,,missed,,Jump Shot,16,144,60,10.6,11.0,MISS Harris 16' Jump Shot
"=""0021700240""",2017-2018 Regular Season,2017-11-19,Wilson Chandler,Gary Harris,Mason Plumlee,Will Barton,Emmanuel Mudiay,Josh Hart,Julius Randle,Andrew Bogut,Brandon Ingram,Lonzo Ball,2,42,66,00:01:56,00:10:04,00:00:04,348,LAL,rebound,,,,,,,,,,Julius Randle,,,,,,rebound defensive,,,,,,Randle REBOUND (Off:0 Def:5)
"=""0021700240""",2017-2018 Regular Season,2017-11-19,Wilson Chandler,Gary Harris,Mason Plumlee,Will Barton,Emmanuel Mudiay,Josh Hart,Julius Randle,Andrew Bogut,Brandon Ingram,Lonzo Ball,2,42,66,00:01:37,00:10:23,00:00:19,349,LAL,miss,,,,,,,,,,Lonzo Ball,0,,,missed,,Jump Shot,25,-135,214,11.5,67.6,MISS Ball 25' 3PT Jump Shot
"=""0021700240""",2017-2018 Regular Season,2017-11-19,Wilson Chandler,Gary Harris,Mason Plumlee,Will Barton,Emmanuel Mudiay,Josh Hart,Julius Randle,Andrew Bogut,Brandon Ingram,Lonzo Ball,2,42,66,00:01:35,00:10:25,00:00:02,350,DEN,rebound,,,,,,,,,,Wilson Chandler,,,,,,rebound defensive,,,,,,Chandler REBOUND (Off:0 Def:3)
"=""0021700240""",2017-2018 Regular Season,2017-11-19,Wilson Chandler,Gary Harris,Mason Plumlee,Will Barton,Emmanuel Mudiay,Josh Hart,Julius Randle,Andrew Bogut,Brandon Ingram,Lonzo Ball,2,44,66,00:01:31,00:10:29,00:00:04,351,DEN,shot,,,,,,,,,,Wilson Chandler,2,,,made,,Running Layup,3,-2,26,25.2,7.6,Chandler 3' Running Layup (9 PTS)
"=""0021700240""",2017-2018 Regular Season,2017-11-19,Wilson Chandler,Gary Harris,Mason Plumlee,Will Barton,Emmanuel Mudiay,Josh Hart,Julius Randle,Andrew Bogut,Brandon Ingram,Lonzo Ball,2,44,66,00:01:10,00:10:50,00:00:21,352,LAL,miss,,,,,,,,,,Brandon Ingram,0,,,missed,,Pullup Jump Shot,19,132,130,38.2,76.0,MISS Ingram 19' Pullup Jump Shot
"=""0021700240""",2017-2018 Regular Season,2017-11-19,Wilson Chandler,Gary Harris,Mason Plumlee,Will Barton,Emmanuel Mudiay,Josh Hart,Julius Randle,Andrew Bogut,Brandon Ingram,Lonzo Ball,2,44,66,00:01:06,00:10:54,00:00:04,353,LAL,rebound,,,,,,,,,,Josh Hart,,,,,,rebound offensive,,,,,,Hart REBOUND (Off:1 Def:0)
"=""0021700240""",2017-2018 Regular Season,2017-11-19,Wilson Chandler,Gary Harris,Mason Plumlee,Will Barton,Emmanuel Mudiay,Josh Hart,Julius Randle,Andrew Bogut,Brandon Ingram,Lonzo Ball,2,44,66,00:01:06,00:10:54,00:00:00,354,LAL,miss,,,,Mason Plumlee,,,,,,Brandon Ingram,0,,,missed,,Layup,2,8,19,25.8,87.1,"Plumlee BLOCK (2 BLK), MISS Ingram 2' Layup"
"=""0021700240""",2017-2018 Regular Season,2017-11-19,Wilson Chandler,Gary Harris,Mason Plumlee,Will Barton,Emmanuel Mudiay,Josh Hart,Julius Randle,Andrew Bogut,Brandon Ingram,Lonzo Ball,2,44,66,00:01:06,00:10:54,00:00:00,356,,rebound,,,,,,,,,,,,,,,,team rebound,,,,,,LAKERS Rebound
"=""0021700240""",2017-2018 Regular Season,2017-11-19,Wilson Chandler,Gary Harris,Mason Plumlee,Will Barton,Emmanuel Mudiay,Josh Hart,Julius Randle,Andrew Bogut,Lonzo Ball,Kentavious Caldwell-Pope,2,44,66,00:01:06,00:10:54,00:00:00,357,LAL,sub,,,,,Kentavious Caldwell-Pope,Brandon Ingram,,,,Brandon Ingram,,,,,,sub,,,,,,SUB: Caldwell-Pope FOR Ingram
"=""0021700240""",2017-2018 Regular Season,2017-11-19,Wilson Chandler,Gary Harris,Mason Plumlee,Will Barton,Emmanuel Mudiay,Josh Hart,Julius Randle,Andrew Bogut,Lonzo Ball,Kentavious Caldwell-Pope,2,44,66,00:01:01,00:10:59,00:00:05,359,LAL,miss,,,,,,,,,,Kentavious Caldwell-Pope,0,,,missed,,Jump Shot,24,-160,178,9.0,71.2,MISS Caldwell-Pope 24' 3PT Jump Shot
"=""0021700240""",2017-2018 Regular Season,2017-11-19,Wilson Chandler,Gary Harris,Mason Plumlee,Will Barton,Emmanuel Mudiay,Josh Hart,Julius Randle,Andrew Bogut,Lonzo Ball,Kentavious Caldwell-Pope,2,44,66,00:00:57,00:11:03,00:00:04,360,DEN,rebound,,,,,,,,,,Mason Plumlee,,,,,,rebound defensive,,,,,,Plumlee REBOUND (Off:2 Def:1)
"=""0021700240""",2017-2018 Regular Season,2017-11-19,Wilson Chandler,Gary Harris,Mason Plumlee,Will Barton,Emmanuel Mudiay,Josh Hart,Julius Randle,Andrew Bogut,Lonzo Ball,Kentavious Caldwell-Pope,2,44,66,00:00:52,00:11:08,00:00:05,361,DEN,miss,,,,Lonzo Ball,,,,,,Emmanuel Mudiay,0,,,missed,,Running Layup,3,3,28,24.7,7.8,"MISS Mudiay 3' Running Layup, Ball BLOCK (1 BLK)"
"=""0021700240""",2017-2018 Regular Season,2017-11-19,Wilson Chandler,Gary Harris,Mason Plumlee,Will Barton,Emmanuel Mudiay,Josh Hart,Julius Randle,Andrew Bogut,Lonzo Ball,Kentavious Caldwell-Pope,2,44,66,00:00:49,00:11:11,00:00:03,363,LAL,rebound,,,,,,,,,,Lonzo Ball,,,,,,rebound defensive,,,,,,Ball REBOUND (Off:3 Def:5)
"=""0021700240""",2017-2018 Regular Season,2017-11-19,Wilson Chandler,Gary Harris,Mason Plumlee,Will Barton,Emmanuel Mudiay,Josh Hart,Julius Randle,Andrew Bogut,Lonzo Ball,Kentavious Caldwell-Pope,2,44,68,00:00:49,00:11:11,00:00:00,364,LAL,shot,Lonzo Ball,,,,,,,,,Josh Hart,2,,,made,,Running Layup,3,8,27,25.8,86.3,Hart 3' Running Layup (2 PTS) (Ball 7 AST)
"=""0021700240""",2017-2018 Regular Season,2017-11-19,Wilson Chandler,Gary Harris,Mason Plumlee,Will Barton,Emmanuel Mudiay,Josh Hart,Julius Randle,Andrew Bogut,Lonzo Ball,Kentavious Caldwell-Pope,2,44,68,00:00:39,00:11:21,00:00:10,366,DEN,turnover,,,,,,,,,,Will Barton,,,backcourt,,,backcourt,,,,,,Barton Backcourt Turnover (P3.T13)
"=""0021700240""",2017-2018 Regular Season,2017-11-19,Wilson Chandler,Gary Harris,Mason Plumlee,Will Barton,Emmanuel Mudiay,Josh Hart,Julius Randle,Andrew Bogut,Lonzo Ball,Kentavious Caldwell-Pope,2,44,68,00:00:26,00:11:34,00:00:13,367,LAL,miss,,,,,,,,,,Kentavious Caldwell-Pope,0,,,missed,,Pullup Jump Shot,15,-54,143,19.6,74.7,MISS Caldwell-Pope 15' Pullup Jump Shot
"=""0021700240""",2017-2018 Regular Season,2017-11-19,Wilson Chandler,Gary Harris,Mason Plumlee,Will Barton,Emmanuel Mudiay,Josh Hart,Julius Randle,Andrew Bogut,Lonzo Ball,Kentavious Caldwell-Pope,2,44,68,00:00:25,00:11:35,00:00:01,368,,rebound,,,,,,,,,,,,,,,,team rebound,,,,,,Nuggets Rebound
"=""0021700240""",2017-2018 Regular Season,2017-11-19,Wilson Chandler,Gary Harris,Mason Plumlee,Will Barton,Emmanuel Mudiay,Josh Hart,Julius Randle,Andrew Bogut,Lonzo Ball,Kentavious Caldwell-Pope,2,44,68,00:00:25,00:11:35,00:00:00,369,LAL,foul,,,,,,,,Mason Plumlee,,Andrew Bogut,,,l.b.foul,,,l.b.foul,,,,,,Bogut L.B.FOUL (P1.PN) (K.Lane)
"=""0021700240""",2017-2018 Regular Season,2017-11-19,Wilson Chandler,Gary Harris,Mason Plumlee,Will Barton,Emmanuel Mudiay,Josh Hart,Julius Randle,Andrew Bogut,Lonzo Ball,Kentavious Caldwell-Pope,2,45,68,00:00:25,00:11:35,00:00:00,371,DEN,free throw,,,,,,,1,,2,Mason Plumlee,1,,,made,,Free Throw 1 of 2,,,,,,Plumlee Free Throw 1 of 2 (3 PTS)
"=""0021700240""",2017-2018 Regular Season,2017-11-19,Wilson Chandler,Gary Harris,Mason Plumlee,Will Barton,Emmanuel Mudiay,Josh Hart,Julius Randle,Lonzo Ball,Kentavious Caldwell-Pope,Kyle Kuzma,2,45,68,00:00:25,00:11:35,00:00:00,372,LAL,sub,,,,,Kyle Kuzma,Andrew Bogut,,,,Andrew Bogut,,,,,,sub,,,,,,SUB: Kuzma FOR Bogut
"=""0021700240""",2017-2018 Regular Season,2017-11-19,Wilson Chandler,Gary Harris,Mason Plumlee,Will Barton,Emmanuel Mudiay,Josh Hart,Julius Randle,Lonzo Ball,Kentavious Caldwell-Pope,Kyle Kuzma,2,46,68,00:00:25,00:11:35,00:00:00,374,DEN,free throw,,,,,,,2,,2,Mason Plumlee,1,,,made,,Free Throw 2 of 2,,,,,,Plumlee Free Throw 2 of 2 (4 PTS)
"=""0021700240""",2017-2018 Regular Season,2017-11-19,Wilson Chandler,Gary Harris,Mason Plumlee,Will Barton,Emmanuel Mudiay,Josh Hart,Julius Randle,Lonzo Ball,Kentavious Caldwell-Pope,Kyle Kuzma,2,46,70,00:00:08,00:11:52,00:00:17,375,LAL,shot,,,,,,,,,,Lonzo Ball,2,,,made,,unknown,2,0,17,25.0,87.3,Ball 2' Driving Layup (9 PTS)
"=""0021700240""",2017-2018 Regular Season,2017-11-19,Wilson Chandler,Gary Harris,Mason Plumlee,Will Barton,Emmanuel Mudiay,Josh Hart,Julius Randle,Lonzo Ball,Kentavious Caldwell-Pope,Kyle Kuzma,2,48,70,00:00:01,00:11:59,00:00:07,376,DEN,shot,,,,,,,,,,Wilson Chandler,2,,,made,,unknown,8,-30,73,28.0,12.3,Chandler 8' Driving Floating Jump Shot (11 PTS)
"=""0021700240""",2017-2018 Regular Season,2017-11-19,Wilson Chandler,Gary Harris,Mason Plumlee,Will Barton,Emmanuel Mudiay,Josh Hart,Julius Randle,Lonzo Ball,Kentavious Caldwell-Pope,Kyle Kuzma,2,48,70,00:00:00,00:12:00,00:00:01,377,LAL,miss,,,,,,,,,,Lonzo Ball,0,,,missed,,Running Jump Shot,79,168,772,41.8,11.8,MISS Ball 79' 3PT Running Jump Shot
"=""0021700240""",2017-2018 Regular Season,2017-11-19,Wilson Chandler,Gary Harris,Mason Plumlee,Will Barton,Emmanuel Mudiay,Josh Hart,Julius Randle,Lonzo Ball,Kentavious Caldwell-Pope,Kyle Kuzma,2,48,70,00:00:00,00:12:00,00:00:00,378,,rebound,,,,,,,,,,,,,,,,team rebound,,,,,,LAKERS Rebound
"=""0021700240""",2017-2018 Regular Season,2017-11-19,Wilson Chandler,Gary Harris,Mason Plumlee,Will Barton,Emmanuel Mudiay,Josh Hart,Julius Randle,Lonzo Ball,Kentavious Caldwell-Pope,Kyle Kuzma,2,48,70,00:00:00,00:12:00,00:00:00,379,,end of period,,,,,,,,,,,,,,,,end of period,,,,,,
"=""0021700240""",2017-2018 Regular Season,2017-11-19,Wilson Chandler,Gary Harris,Jamal Murray,Mason Plumlee,Will Barton,Brandon Ingram,Kyle Kuzma,Brook Lopez,Kentavious Caldwell-Pope,Lonzo Ball,3,48,70,00:12:00,00:00:00,00:-12:00,386,,start of period,,,,,,,,,,,,,,,,start of period,,,,,,
"=""0021700240""",2017-2018 Regular Season,2017-11-19,Wilson Chandler,Gary Harris,Jamal Murray,Mason Plumlee,Will Barton,Brandon Ingram,Kyle Kuzma,Brook Lopez,Kentavious Caldwell-Pope,Lonzo Ball,3,48,70,00:11:47,00:00:13,00:00:13,387,DEN,miss,,,,,,,,,,Jamal Murray,0,,,missed,,Pullup Jump Shot,18,128,131,12.2,18.1,MISS Murray 18' Pullup Jump Shot
"=""0021700240""",2017-2018 Regular Season,2017-11-19,Wilson Chandler,Gary Harris,Jamal Murray,Mason Plumlee,Will Barton,Brandon Ingram,Kyle Kuzma,Brook Lopez,Kentavious Caldwell-Pope,Lonzo Ball,3,48,70,00:11:47,00:00:13,00:00:00,388,,rebound,,,,,,,,,,,,,,,,team rebound,,,,,,Nuggets Rebound
"=""0021700240""",2017-2018 Regular Season,2017-11-19,Wilson Chandler,Gary Harris,Jamal Murray,Mason Plumlee,Will Barton,Brandon Ingram,Kyle Kuzma,Brook Lopez,Kentavious Caldwell-Pope,Lonzo Ball,3,48,70,00:11:47,00:00:13,00:00:00,389,LAL,foul,,,,,,,,Mason Plumlee,,Brook Lopez,,,l.b.foul,,,l.b.foul,,,,,,Lopez L.B.FOUL (P3.T1) (R.Mott)
"=""0021700240""",2017-2018 Regular Season,2017-11-19,Wilson Chandler,Gary Harris,Jamal Murray,Mason Plumlee,Will Barton,Brandon Ingram,Kyle Kuzma,Brook Lopez,Kentavious Caldwell-Pope,Lonzo Ball,3,51,70,00:11:38,00:00:22,00:00:09,391,DEN,shot,Mason Plumlee,,,,,,,,,Wilson Chandler,3,,,made,,Jump Shot,27,-122,236,37.2,28.6,Chandler 27' 3PT Jump Shot (14 PTS) (Plumlee 2 AST)
"=""0021700240""",2017-2018 Regular Season,2017-11-19,Wilson Chandler,Gary Harris,Jamal Murray,Mason Plumlee,Will Barton,Brandon Ingram,Kyle Kuzma,Brook Lopez,Kentavious Caldwell-Pope,Lonzo Ball,3,51,70,00:11:15,00:00:45,00:00:23,393,LAL,turnover,,,,,,,,,,Brook Lopez,,,bad pass ,,Wilson Chandler,bad pass ,,,,,,"Chandler STEAL (1 STL), Lopez Bad Pass Turnover (P1.T8)"
"=""0021700240""",2017-2018 Regular Season,2017-11-19,Wilson Chandler,Gary Harris,Jamal Murray,Mason Plumlee,Will Barton,Brandon Ingram,Kyle Kuzma,Brook Lopez,Kentavious Caldwell-Pope,Lonzo Ball,3,54,70,00:11:09,00:00:51,00:00:06,395,DEN,shot,,,,,,,,,,Wilson Chandler,3,,,made,,Jump Shot,25,-25,250,27.5,30.0,Chandler 25' 3PT Jump Shot (17 PTS)
"=""0021700240""",2017-2018 Regular Season,2017-11-19,Wilson Chandler,Gary Harris,Jamal Murray,Mason Plumlee,Will Barton,Brandon Ingram,Kyle Kuzma,Brook Lopez,Kentavious Caldwell-Pope,Lonzo Ball,3,54,70,00:11:08,00:00:52,00:00:01,396,,timeout,,,,,,,,,,,,,,,, timeout: regular,,,,,,LAKERS Timeout: Regular (Full 4 Short 0)
"=""0021700240""",2017-2018 Regular Season,2017-11-19,Wilson Chandler,Gary Harris,Jamal Murray,Mason Plumlee,Will Barton,Brandon Ingram,Kyle Kuzma,Brook Lopez,Kentavious Caldwell-Pope,Lonzo Ball,3,54,72,00:10:46,00:01:14,00:00:22,397,LAL,shot,Lonzo Ball,,,,,,,,,Brook Lopez,2,,,made,,Pullup Jump Shot,9,-9,85,24.1,80.5,Lopez 9' Pullup Jump Shot (16 PTS) (Ball 8 AST)
"=""0021700240""",2017-2018 Regular Season,2017-11-19,Wilson Chandler,Gary Harris,Jamal Murray,Mason Plumlee,Will Barton,Brandon Ingram,Kyle Kuzma,Brook Lopez,Kentavious Caldwell-Pope,Lonzo Ball,3,54,72,00:10:34,00:01:26,00:00:12,399,DEN,foul,,,,,,,,Kyle Kuzma,,Wilson Chandler,,,offensive charge foul,,,offensive charge foul,,,,,,Chandler Offensive Charge Foul (P2.T1) (K.Lane)
"=""0021700240""",2017-2018 Regular Season,2017-11-19,Wilson Chandler,Gary Harris,Jamal Murray,Mason Plumlee,Will Barton,Brandon Ingram,Kyle Kuzma,Brook Lopez,Kentavious Caldwell-Pope,Lonzo Ball,3,54,72,00:10:34,00:01:26,00:00:00,401,DEN,turnover,,,,,,,,,,Wilson Chandler,,,offensive foul turnover,,,offensive foul turnover,,,,,,Chandler Offensive Foul Turnover (P3.T14)
"=""0021700240""",2017-2018 Regular Season,2017-11-19,Wilson Chandler,Gary Harris,Jamal Murray,Mason Plumlee,Will Barton,Brandon Ingram,Kyle Kuzma,Brook Lopez,Kentavious Caldwell-Pope,Lonzo Ball,3,54,72,00:10:28,00:01:32,00:00:06,402,DEN,foul,,,,,,,,Brook Lopez,,Mason Plumlee,,,p.foul,,,p.foul,,,,,,Plumlee P.FOUL (P1.T2) (M.Ervin)
"=""0021700240""",2017-2018 Regular Season,2017-11-19,Wilson Chandler,Gary Harris,Jamal Murray,Mason Plumlee,Will Barton,Brandon Ingram,Kyle Kuzma,Brook Lopez,Kentavious Caldwell-Pope,Lonzo Ball,3,54,72,00:10:28,00:01:32,00:00:00,404,DEN,turnover,,,,,,,,,,Mason Plumlee,,,turnover,,,turnover,,,,,,Plumlee No Turnover (P2.T15)
"=""0021700240""",2017-2018 Regular Season,2017-11-19,Wilson Chandler,Gary Harris,Jamal Murray,Mason Plumlee,Will Barton,Brandon Ingram,Kyle Kuzma,Brook Lopez,Kentavious Caldwell-Pope,Lonzo Ball,3,54,74,00:10:24,00:01:36,00:00:04,405,LAL,shot,Brandon Ingram,,,,,,,,,Brook Lopez,2,,,made,,unknown,3,-8,25,24.2,86.5,Lopez 3' Cutting Dunk Shot (18 PTS) (Ingram 4 AST)
"=""0021700240""",2017-2018 Regular Season,2017-11-19,Wilson Chandler,Gary Harris,Jamal Murray,Mason Plumlee,Will Barton,Brandon Ingram,Kyle Kuzma,Brook Lopez,Kentavious Caldwell-Pope,Lonzo Ball,3,56,74,00:10:04,00:01:56,00:00:20,407,DEN,shot,,,,,,,,,,Mason Plumlee,2,,,made,,Fadeaway Jumper,8,36,67,21.4,11.7,Plumlee 8' Fadeaway Jumper (6 PTS)
"=""0021700240""",2017-2018 Regular Season,2017-11-19,Wilson Chandler,Gary Harris,Jamal Murray,Mason Plumlee,Will Barton,Brandon Ingram,Kyle Kuzma,Brook Lopez,Kentavious Caldwell-Pope,Lonzo Ball,3,56,76,00:09:47,00:02:13,00:00:17,408,LAL,shot,Brook Lopez,,,,,,,,,Kyle Kuzma,2,,,made,,Turnaround Hook Shot,10,-11,97,23.9,79.3,Kuzma 10' Turnaround Hook Shot (12 PTS) (Lopez 4 AST)
"=""0021700240""",2017-2018 Regular Season,2017-11-19,Wilson Chandler,Gary Harris,Jamal Murray,Mason Plumlee,Will Barton,Brandon Ingram,Kyle Kuzma,Brook Lopez,Kentavious Caldwell-Pope,Lonzo Ball,3,59,76,00:09:35,00:02:25,00:00:12,410,DEN,shot,,,,,,,,,,Will Barton,3,,,made,,Step Back Jump Shot,26,107,240,14.3,29.0,Barton 26' 3PT Step Back Jump Shot (9 PTS)
"=""0021700240""",2017-2018 Regular Season,2017-11-19,Wilson Chandler,Gary Harris,Jamal Murray,Mason Plumlee,Will Barton,Brandon Ingram,Kyle Kuzma,Brook Lopez,Kentavious Caldwell-Pope,Lonzo Ball,3,59,76,00:09:23,00:02:37,00:00:12,411,LAL,miss,,,,,,,,,,Brook Lopez,0,,,missed,,Jump Shot,26,119,227,36.9,66.3,MISS Lopez 26' 3PT Jump Shot
"=""0021700240""",2017-2018 Regular Season,2017-11-19,Wilson Chandler,Gary Harris,Jamal Murray,Mason Plumlee,Will Barton,Brandon Ingram,Kyle Kuzma,Brook Lopez,Kentavious Caldwell-Pope,Lonzo Ball,3,59,76,00:09:21,00:02:39,00:00:02,412,DEN,rebound,,,,,,,,,,Gary Harris,,,,,,rebound defensive,,,,,,Harris REBOUND (Off:1 Def:1)
"=""0021700240""",2017-2018 Regular Season,2017-11-19,Wilson Chandler,Gary Harris,Jamal Murray,Mason Plumlee,Will Barton,Brandon Ingram,Kyle Kuzma,Brook Lopez,Kentavious Caldwell-Pope,Lonzo Ball,3,59,76,00:09:10,00:02:50,00:00:11,413,LAL,foul,,,,,,,,Jamal Murray,,Lonzo Ball,,,s.foul,,,s.foul,,,,,,Ball S.FOUL (P3.T2) (R.Mott)
"=""0021700240""",2017-2018 Regular Season,2017-11-19,Wilson Chandler,Gary Harris,Jamal Murray,Mason Plumlee,Will Barton,Brandon Ingram,Kyle Kuzma,Brook Lopez,Kentavious Caldwell-Pope,Lonzo Ball,3,60,76,00:09:10,00:02:50,00:00:00,415,DEN,free throw,,,,,,,1,,2,Jamal Murray,1,,,made,,Free Throw 1 of 2,,,,,,Murray Free Throw 1 of 2 (3 PTS)
"=""0021700240""",2017-2018 Regular Season,2017-11-19,Wilson Chandler,Gary Harris,Jamal Murray,Mason Plumlee,Will Barton,Brandon Ingram,Kyle Kuzma,Brook Lopez,Kentavious Caldwell-Pope,Lonzo Ball,3,61,76,00:09:10,00:02:50,00:00:00,416,DEN,free throw,,,,,,,2,,2,Jamal Murray,1,,,made,,Free Throw 2 of 2,,,,,,Murray Free Throw 2 of 2 (4 PTS)
"=""0021700240""",2017-2018 Regular Season,2017-11-19,Wilson Chandler,Gary Harris,Jamal Murray,Mason Plumlee,Will Barton,Brandon Ingram,Kyle Kuzma,Brook Lopez,Kentavious Caldwell-Pope,Lonzo Ball,3,61,78,00:09:01,00:02:59,00:00:09,418,LAL,shot,Lonzo Ball,,,,,,,,,Brandon Ingram,2,,,made,,Jump Shot,21,-119,176,13.1,71.4,Ingram 21' Jump Shot (5 PTS) (Ball 9 AST)
"=""0021700240""",2017-2018 Regular Season,2017-11-19,Wilson Chandler,Gary Harris,Jamal Murray,Mason Plumlee,Will Barton,Brandon Ingram,Kyle Kuzma,Brook Lopez,Kentavious Caldwell-Pope,Lonzo Ball,3,61,78,00:08:43,00:03:17,00:00:18,420,DEN,turnover,,,,,,,,,,Jamal Murray,,,lost ball ,,Kyle Kuzma,lost ball ,,,,,,"Murray Lost Ball Turnover (P2.T16), Kuzma STEAL (1 STL)"
"=""0021700240""",2017-2018 Regular Season,2017-11-19,Wilson Chandler,Gary Harris,Jamal Murray,Mason Plumlee,Will Barton,Brandon Ingram,Kyle Kuzma,Brook Lopez,Kentavious Caldwell-Pope,Lonzo Ball,3,61,78,00:08:39,00:03:21,00:00:04,422,LAL,foul,,,,,,,,Mason Plumlee,,Brandon Ingram,,,offensive charge foul,,,offensive charge foul,,,,,,Ingram Offensive Charge Foul (P4.T3) (R.Mott)
"=""0021700240""",2017-2018 Regular Season,2017-11-19,Wilson Chandler,Gary Harris,Jamal Murray,Mason Plumlee,Will Barton,Brandon Ingram,Kyle Kuzma,Brook Lopez,Kentavious Caldwell-Pope,Lonzo Ball,3,61,78,00:08:39,00:03:21,00:00:00,424,LAL,turnover,,,,,,,,,,Brandon Ingram,,,offensive foul turnover,,,offensive foul turnover,,,,,,Ingram Offensive Foul Turnover (P2.T9)
"=""0021700240""",2017-2018 Regular Season,2017-11-19,Wilson Chandler,Gary Harris,Jamal Murray,Mason Plumlee,Will Barton,Brandon Ingram,Kyle Kuzma,Brook Lopez,Kentavious Caldwell-Pope,Lonzo Ball,3,61,78,00:08:33,00:03:27,00:00:06,425,DEN,miss,,,,,,,,,,Jamal Murray,0,,,missed,,Pullup Jump Shot,21,111,178,13.9,22.8,MISS Murray 21' Pullup Jump Shot
"=""0021700240""",2017-2018 Regular Season,2017-11-19,Wilson Chandler,Gary Harris,Jamal Murray,Mason Plumlee,Will Barton,Brandon Ingram,Kyle Kuzma,Brook Lopez,Kentavious Caldwell-Pope,Lonzo Ball,3,61,78,00:08:32,00:03:28,00:00:01,426,LAL,rebound,,,,,,,,,,Kyle Kuzma,,,,,,rebound defensive,,,,,,Kuzma REBOUND (Off:1 Def:2)
"=""0021700240""",2017-2018 Regular Season,2017-11-19,Wilson Chandler,Gary Harris,Jamal Murray,Mason Plumlee,Will Barton,Brandon Ingram,Kyle Kuzma,Brook Lopez,Kentavious Caldwell-Pope,Lonzo Ball,3,61,78,00:08:32,00:03:28,00:00:00,427,DEN,foul,,,,,,,,Kyle Kuzma,,Mason Plumlee,,,l.b.foul,,,l.b.foul,,,,,,Plumlee L.B.FOUL (P2.T3) (K.Lane)
"=""0021700240""",2017-2018 Regular Season,2017-11-19,Wilson Chandler,Gary Harris,Jamal Murray,Mason Plumlee,Will Barton,Brandon Ingram,Kyle Kuzma,Brook Lopez,Kentavious Caldwell-Pope,Lonzo Ball,3,61,78,00:08:17,00:03:43,00:00:15,429,LAL,miss,,,,,,,,,,Brandon Ingram,0,,,missed,,unknown,2,9,23,25.9,86.7,MISS Ingram 2' Driving Floating Bank Jump Shot
"=""0021700240""",2017-2018 Regular Season,2017-11-19,Wilson Chandler,Gary Harris,Jamal Murray,Mason Plumlee,Will Barton,Brandon Ingram,Kyle Kuzma,Brook Lopez,Kentavious Caldwell-Pope,Lonzo Ball,3,61,78,00:08:17,00:03:43,00:00:00,430,,rebound,,,,,,,,,,,,,,,,team rebound,,,,,,Nuggets Rebound
"=""0021700240""",2017-2018 Regular Season,2017-11-19,Wilson Chandler,Gary Harris,Jamal Murray,Mason Plumlee,Will Barton,Brandon Ingram,Kyle Kuzma,Brook Lopez,Kentavious Caldwell-Pope,Lonzo Ball,3,61,78,00:08:05,00:03:55,00:00:12,431,DEN,miss,,,,,,,,,,Gary Harris,0,,,missed,,Step Back Jump Shot,18,-81,164,33.1,21.4,MISS Harris 18' Step Back Jump Shot
"=""0021700240""",2017-2018 Regular Season,2017-11-19,Wilson Chandler,Gary Harris,Jamal Murray,Mason Plumlee,Will Barton,Brandon Ingram,Kyle Kuzma,Brook Lopez,Kentavious Caldwell-Pope,Lonzo Ball,3,61,78,00:07:59,00:04:01,00:00:06,432,LAL,rebound,,,,,,,,,,Brandon Ingram,,,,,,rebound defensive,,,,,,Ingram REBOUND (Off:0 Def:2)
"=""0021700240""",2017-2018 Regular Season,2017-11-19,Wilson Chandler,Gary Harris,Jamal Murray,Mason Plumlee,Will Barton,Brandon Ingram,Kyle Kuzma,Brook Lopez,Kentavious Caldwell-Pope,Lonzo Ball,3,61,81,00:07:51,00:04:09,00:00:08,433,LAL,shot,Brandon Ingram,,,,,,,,,Brook Lopez,3,,,made,,Jump Shot,26,-96,242,15.4,64.8,Lopez 26' 3PT Jump Shot (21 PTS) (Ingram 5 AST)
"=""0021700240""",2017-2018 Regular Season,2017-11-19,Wilson Chandler,Gary Harris,Jamal Murray,Mason Plumlee,Will Barton,Brandon Ingram,Kyle Kuzma,Brook Lopez,Kentavious Caldwell-Pope,Lonzo Ball,3,61,81,00:07:31,00:04:29,00:00:20,435,DEN,miss,,,,,,,,,,Wilson Chandler,0,,,missed,,Jump Shot,26,161,204,8.9,25.4,MISS Chandler 26' 3PT Jump Shot
"=""0021700240""",2017-2018 Regular Season,2017-11-19,Wilson Chandler,Gary Harris,Jamal Murray,Mason Plumlee,Will Barton,Brandon Ingram,Kyle Kuzma,Brook Lopez,Kentavious Caldwell-Pope,Lonzo Ball,3,61,81,00:07:27,00:04:33,00:00:04,436,DEN,rebound,,,,,,,,,,Will Barton,,,,,,rebound offensive,,,,,,Barton REBOUND (Off:1 Def:4)
"=""0021700240""",2017-2018 Regular Season,2017-11-19,Wilson Chandler,Gary Harris,Jamal Murray,Mason Plumlee,Will Barton,Brandon Ingram,Kyle Kuzma,Brook Lopez,Kentavious Caldwell-Pope,Lonzo Ball,3,63,81,00:07:25,00:04:35,00:00:02,437,DEN,shot,,,,,,,,,,Will Barton,2,,,made,,Putback Dunk,1,7,11,24.3,6.1,Barton 1' Putback Dunk (11 PTS)
"=""0021700240""",2017-2018 Regular Season,2017-11-19,Wilson Chandler,Gary Harris,Jamal Murray,Mason Plumlee,Will Barton,Brandon Ingram,Kyle Kuzma,Brook Lopez,Kentavious Caldwell-Pope,Lonzo Ball,3,63,81,00:07:07,00:04:53,00:00:18,438,LAL,miss,,,,Jamal Murray,,,,,,Lonzo Ball,0,,,missed,,Layup,4,22,31,27.2,85.9,"Murray BLOCK (1 BLK), MISS Ball 4' Layup"
"=""0021700240""",2017-2018 Regular Season,2017-11-19,Wilson Chandler,Gary Harris,Jamal Murray,Mason Plumlee,Will Barton,Brandon Ingram,Kyle Kuzma,Brook Lopez,Kentavious Caldwell-Pope,Lonzo Ball,3,63,81,00:07:01,00:04:59,00:00:06,440,LAL,rebound,,,,,,,,,,Kentavious Caldwell-Pope,,,,,,rebound offensive,,,,,,Caldwell-Pope REBOUND (Off:1 Def:2)
"=""0021700240""",2017-2018 Regular Season,2017-11-19,Wilson Chandler,Gary Harris,Jamal Murray,Mason Plumlee,Will Barton,Brandon Ingram,Kyle Kuzma,Brook Lopez,Kentavious Caldwell-Pope,Lonzo Ball,3,63,83,00:06:58,00:05:02,00:00:03,441,LAL,shot,Brandon Ingram,,,,,,,,,Kentavious Caldwell-Pope,2,,,made,,Layup,3,0,27,25.0,86.3,Caldwell-Pope 3' Layup (5 PTS) (Ingram 6 AST)
"=""0021700240""",2017-2018 Regular Season,2017-11-19,Wilson Chandler,Gary Harris,Jamal Murray,Mason Plumlee,Will Barton,Brandon Ingram,Kyle Kuzma,Brook Lopez,Kentavious Caldwell-Pope,Lonzo Ball,3,63,83,00:06:58,00:05:02,00:00:00,443,,timeout,,,,,,,,,,,,,,,, timeout: regular,,,,,,Nuggets Timeout: Regular (Reg.4 Short 0)
"=""0021700240""",2017-2018 Regular Season,2017-11-19,Wilson Chandler,Gary Harris,Mason Plumlee,Will Barton,Emmanuel Mudiay,Brandon Ingram,Kyle Kuzma,Brook Lopez,Kentavious Caldwell-Pope,Lonzo Ball,3,63,83,00:06:58,00:05:02,00:00:00,444,DEN,sub,,,,,Emmanuel Mudiay,Jamal Murray,,,,Jamal Murray,,,,,,sub,,,,,,SUB: Mudiay FOR Murray
"=""0021700240""",2017-2018 Regular Season,2017-11-19,Wilson Chandler,Gary Harris,Mason Plumlee,Will Barton,Emmanuel Mudiay,Brandon Ingram,Kyle Kuzma,Brook Lopez,Kentavious Caldwell-Pope,Lonzo Ball,3,66,83,00:06:50,00:05:10,00:00:08,446,DEN,shot,Emmanuel Mudiay,,,,,,,,,Gary Harris,3,,,made,,Jump Shot,27,-19,268,26.9,31.8,Harris 27' 3PT Jump Shot (15 PTS) (Mudiay 2 AST)
"=""0021700240""",2017-2018 Regular Season,2017-11-19,Wilson Chandler,Gary Harris,Mason Plumlee,Will Barton,Emmanuel Mudiay,Brandon Ingram,Kyle Kuzma,Brook Lopez,Kentavious Caldwell-Pope,Lonzo Ball,3,66,86,00:06:33,00:05:27,00:00:17,448,LAL,shot,,,,,,,,,,Kentavious Caldwell-Pope,3,,,made,,Jump Shot,27,113,247,36.3,64.3,Caldwell-Pope 27' 3PT Jump Shot (8 PTS)
"=""0021700240""",2017-2018 Regular Season,2017-11-19,Wilson Chandler,Gary Harris,Mason Plumlee,Will Barton,Emmanuel Mudiay,Brandon Ingram,Kyle Kuzma,Brook Lopez,Kentavious Caldwell-Pope,Lonzo Ball,3,66,86,00:06:19,00:05:41,00:00:14,449,DEN,miss,,,,,,,,,,Emmanuel Mudiay,0,,,missed,,Pullup Jump Shot,10,7,99,24.3,14.9,MISS Mudiay 10' Pullup Jump Shot
"=""0021700240""",2017-2018 Regular Season,2017-11-19,Wilson Chandler,Gary Harris,Mason Plumlee,Will Barton,Emmanuel Mudiay,Brandon Ingram,Kyle Kuzma,Brook Lopez,Kentavious Caldwell-Pope,Lonzo Ball,3,66,86,00:06:15,00:05:45,00:00:04,450,DEN,rebound,,,,,,,,,,Mason Plumlee,,,,,,rebound offensive,,,,,,Plumlee REBOUND (Off:3 Def:1)
"=""0021700240""",2017-2018 Regular Season,2017-11-19,Wilson Chandler,Gary Harris,Mason Plumlee,Will Barton,Emmanuel Mudiay,Brandon Ingram,Kyle Kuzma,Brook Lopez,Kentavious Caldwell-Pope,Lonzo Ball,3,66,86,00:06:10,00:05:50,00:00:05,451,DEN,miss,,,,,,,,,,Mason Plumlee,0,,,missed,,Jump Shot,2,-8,14,25.8,6.4,MISS Plumlee 2' Jump Shot
"=""0021700240""",2017-2018 Regular Season,2017-11-19,Wilson Chandler,Gary Harris,Mason Plumlee,Will Barton,Emmanuel Mudiay,Brandon Ingram,Kyle Kuzma,Brook Lopez,Kentavious Caldwell-Pope,Lonzo Ball,3,66,86,00:06:06,00:05:54,00:00:04,452,DEN,rebound,,,,,,,,,,Gary Harris,,,,,,rebound offensive,,,,,,Harris REBOUND (Off:2 Def:1)
"=""0021700240""",2017-2018 Regular Season,2017-11-19,Wilson Chandler,Gary Harris,Mason Plumlee,Will Barton,Emmanuel Mudiay,Brandon Ingram,Kyle Kuzma,Brook Lopez,Kentavious Caldwell-Pope,Lonzo Ball,3,69,86,00:06:02,00:05:58,00:00:04,453,DEN,shot,,,,,,,,,,Gary Harris,3,,,made,,Jump Shot,25,-177,180,42.7,23.0,Harris 25' 3PT Jump Shot (18 PTS)
"=""0021700240""",2017-2018 Regular Season,2017-11-19,Wilson Chandler,Gary Harris,Mason Plumlee,Will Barton,Emmanuel Mudiay,Brandon Ingram,Kyle Kuzma,Brook Lopez,Kentavious Caldwell-Pope,Lonzo Ball,3,69,86,00:05:50,00:06:10,00:00:12,454,LAL,turnover,,,,,,,,,,Kyle Kuzma,,,offensive goaltending,,,offensive goaltending,,,,,,Kuzma Offensive Goaltending Turnover (P1.T10)
"=""0021700240""",2017-2018 Regular Season,2017-11-19,Wilson Chandler,Gary Harris,Mason Plumlee,Will Barton,Emmanuel Mudiay,Brandon Ingram,Kyle Kuzma,Brook Lopez,Kentavious Caldwell-Pope,Lonzo Ball,3,69,86,00:05:38,00:06:22,00:00:12,455,DEN,miss,,,,,,,,,,Gary Harris,0,,,missed,,Pullup Jump Shot,19,14,190,23.6,24.0,MISS Harris 19' Pullup Jump Shot
"=""0021700240""",2017-2018 Regular Season,2017-11-19,Wilson Chandler,Gary Harris,Mason Plumlee,Will Barton,Emmanuel Mudiay,Brandon Ingram,Kyle Kuzma,Brook Lopez,Kentavious Caldwell-Pope,Lonzo Ball,3,69,86,00:05:36,00:06:24,00:00:02,456,LAL,rebound,,,,,,,,,,Lonzo Ball,,,,,,rebound defensive,,,,,,Ball REBOUND (Off:3 Def:6)
"=""0021700240""",2017-2018 Regular Season,2017-11-19,Wilson Chandler,Gary Harris,Mason Plumlee,Will Barton,Emmanuel Mudiay,Brandon Ingram,Kyle Kuzma,Brook Lopez,Kentavious Caldwell-Pope,Lonzo Ball,3,69,88,00:05:18,00:06:42,00:00:18,457,LAL,shot,,,,,,,,,,Kentavious Caldwell-Pope,2,,,made,,Jump Shot,21,124,167,37.4,72.3,Caldwell-Pope 21' Jump Shot (10 PTS)
"=""0021700240""",2017-2018 Regular Season,2017-11-19,Wilson Chandler,Gary Harris,Mason Plumlee,Will Barton,Emmanuel Mudiay,Brandon Ingram,Kyle Kuzma,Brook Lopez,Kentavious Caldwell-Pope,Lonzo Ball,3,69,88,00:05:04,00:06:56,00:00:14,458,DEN,miss,,,,,,,,,,Will Barton,0,,,missed,,Jump Shot,27,-112,247,36.2,29.7,MISS Barton 27' 3PT Jump Shot
"=""0021700240""",2017-2018 Regular Season,2017-11-19,Wilson Chandler,Gary Harris,Mason Plumlee,Will Barton,Emmanuel Mudiay,Brandon Ingram,Kyle Kuzma,Brook Lopez,Kentavious Caldwell-Pope,Lonzo Ball,3,69,88,00:05:00,00:07:00,00:00:04,459,LAL,rebound,,,,,,,,,,Lonzo Ball,,,,,,rebound defensive,,,,,,Ball REBOUND (Off:3 Def:7)
"=""0021700240""",2017-2018 Regular Season,2017-11-19,Wilson Chandler,Gary Harris,Mason Plumlee,Will Barton,Emmanuel Mudiay,Brandon Ingram,Kyle Kuzma,Brook Lopez,Kentavious Caldwell-Pope,Lonzo Ball,3,69,88,00:04:53,00:07:07,00:00:07,460,LAL,miss,,,,Gary Harris,,,,,,Brook Lopez,0,,,missed,,Jump Shot,4,-13,33,23.7,85.7,"Harris BLOCK (1 BLK), MISS Lopez 4' Jump Shot"
"=""0021700240""",2017-2018 Regular Season,2017-11-19,Wilson Chandler,Gary Harris,Mason Plumlee,Will Barton,Emmanuel Mudiay,Brandon Ingram,Kyle Kuzma,Brook Lopez,Kentavious Caldwell-Pope,Lonzo Ball,3,69,88,00:04:53,00:07:07,00:00:00,462,,rebound,,,,,,,,,,,,,,,,team rebound,,,,,,LAKERS Rebound
"=""0021700240""",2017-2018 Regular Season,2017-11-19,Wilson Chandler,Gary Harris,Mason Plumlee,Will Barton,Emmanuel Mudiay,Brandon Ingram,Brook Lopez,Kentavious Caldwell-Pope,Lonzo Ball,Julius Randle,3,69,88,00:04:53,00:07:07,00:00:00,463,LAL,sub,,,,,Julius Randle,Kyle Kuzma,,,,Kyle Kuzma,,,,,,sub,,,,,,SUB: Randle FOR Kuzma
"=""0021700240""",2017-2018 Regular Season,2017-11-19,Wilson Chandler,Gary Harris,Will Barton,Emmanuel Mudiay,Kenneth Faried,Brandon Ingram,Brook Lopez,Kentavious Caldwell-Pope,Lonzo Ball,Julius Randle,3,69,88,00:04:53,00:07:07,00:00:00,464,DEN,sub,,,,,Kenneth Faried,Mason Plumlee,,,,Mason Plumlee,,,,,,sub,,,,,,SUB: Faried FOR Plumlee
"=""0021700240""",2017-2018 Regular Season,2017-11-19,Wilson Chandler,Gary Harris,Will Barton,Emmanuel Mudiay,Kenneth Faried,Brandon Ingram,Brook Lopez,Kentavious Caldwell-Pope,Lonzo Ball,Julius Randle,3,69,88,00:04:45,00:07:15,00:00:08,467,LAL,miss,,,,,,,,,,Brandon Ingram,0,,,missed,,Jump Shot,23,231,39,48.1,85.1,MISS Ingram  3PT Jump Shot
"=""0021700240""",2017-2018 Regular Season,2017-11-19,Wilson Chandler,Gary Harris,Will Barton,Emmanuel Mudiay,Kenneth Faried,Brandon Ingram,Brook Lopez,Kentavious Caldwell-Pope,Lonzo Ball,Julius Randle,3,69,88,00:04:42,00:07:18,00:00:03,468,DEN,rebound,,,,,,,,,,Wilson Chandler,,,,,,rebound defensive,,,,,,Chandler REBOUND (Off:0 Def:4)
"=""0021700240""",2017-2018 Regular Season,2017-11-19,Wilson Chandler,Gary Harris,Will Barton,Emmanuel Mudiay,Kenneth Faried,Brandon Ingram,Brook Lopez,Kentavious Caldwell-Pope,Lonzo Ball,Julius Randle,3,69,88,00:04:29,00:07:31,00:00:13,469,DEN,miss,,,,Lonzo Ball,,,,,,Emmanuel Mudiay,0,,,missed,,Jump Shot,6,13,63,23.7,11.3,"MISS Mudiay 6' Jump Shot, Ball BLOCK (2 BLK)"
"=""0021700240""",2017-2018 Regular Season,2017-11-19,Wilson Chandler,Gary Harris,Will Barton,Emmanuel Mudiay,Kenneth Faried,Brandon Ingram,Brook Lopez,Kentavious Caldwell-Pope,Lonzo Ball,Julius Randle,3,69,88,00:04:25,00:07:35,00:00:04,471,LAL,rebound,,,,,,,,,,Lonzo Ball,,,,,,rebound defensive,,,,,,Ball REBOUND (Off:3 Def:8)
"=""0021700240""",2017-2018 Regular Season,2017-11-19,Wilson Chandler,Gary Harris,Will Barton,Emmanuel Mudiay,Kenneth Faried,Brandon Ingram,Brook Lopez,Kentavious Caldwell-Pope,Lonzo Ball,Julius Randle,3,69,90,00:04:22,00:07:38,00:00:03,472,LAL,shot,Kentavious Caldwell-Pope,,,,,,,,,Julius Randle,2,,,made,,Running Finger Roll Layup,2,-5,20,24.5,87.0,Randle 2' Running Finger Roll Layup (19 PTS) (Caldwell-Pope 1 AST)
"=""0021700240""",2017-2018 Regular Season,2017-11-19,Wilson Chandler,Gary Harris,Will Barton,Emmanuel Mudiay,Kenneth Faried,Brandon Ingram,Brook Lopez,Kentavious Caldwell-Pope,Lonzo Ball,Julius Randle,3,69,90,00:04:06,00:07:54,00:00:16,474,DEN,miss,,,,Brook Lopez,,,,,,Will Barton,0,,,missed,,unknown,2,1,20,24.9,7.0,"MISS Barton 2' Driving Layup, Lopez BLOCK (2 BLK)"
"=""0021700240""",2017-2018 Regular Season,2017-11-19,Wilson Chandler,Gary Harris,Will Barton,Emmanuel Mudiay,Kenneth Faried,Brandon Ingram,Brook Lopez,Kentavious Caldwell-Pope,Lonzo Ball,Julius Randle,3,69,90,00:04:02,00:07:58,00:00:04,476,LAL,rebound,,,,,,,,,,Lonzo Ball,,,,,,rebound defensive,,,,,,Ball REBOUND (Off:3 Def:9)
"=""0021700240""",2017-2018 Regular Season,2017-11-19,Wilson Chandler,Gary Harris,Will Barton,Emmanuel Mudiay,Kenneth Faried,Brandon Ingram,Brook Lopez,Kentavious Caldwell-Pope,Lonzo Ball,Julius Randle,3,69,92,00:04:01,00:07:59,00:00:01,477,LAL,shot,Kentavious Caldwell-Pope,,,,,,,,,Brandon Ingram,2,,,made,,unknown,3,2,25,25.2,86.5,Ingram 3' Running Alley Oop Dunk Shot (7 PTS) (Caldwell-Pope 2 AST)
"=""0021700240""",2017-2018 Regular Season,2017-11-19,Wilson Chandler,Gary Harris,Will Barton,Emmanuel Mudiay,Kenneth Faried,Brandon Ingram,Brook Lopez,Kentavious Caldwell-Pope,Lonzo Ball,Julius Randle,3,69,92,00:04:01,00:07:59,00:00:00,479,,timeout,,,,,,,,,,,,,,,, timeout: regular,,,,,,Nuggets Timeout: Regular (Reg.5 Short 0)
"=""0021700240""",2017-2018 Regular Season,2017-11-19,Wilson Chandler,Gary Harris,Will Barton,Emmanuel Mudiay,Kenneth Faried,Brandon Ingram,Brook Lopez,Kentavious Caldwell-Pope,Julius Randle,Jordan Clarkson,3,69,92,00:04:01,00:07:59,00:00:00,480,LAL,sub,,,,,Jordan Clarkson,Lonzo Ball,,,,Lonzo Ball,,,,,,sub,,,,,,SUB: Clarkson FOR Ball
"=""0021700240""",2017-2018 Regular Season,2017-11-19,Wilson Chandler,Gary Harris,Emmanuel Mudiay,Kenneth Faried,Juan Hernangomez,Brandon Ingram,Brook Lopez,Kentavious Caldwell-Pope,Julius Randle,Jordan Clarkson,3,69,92,00:04:01,00:07:59,00:00:00,481,DEN,sub,,,,,Juan Hernangomez,Will Barton,,,,Will Barton,,,,,,sub,,,,,,SUB: Hernangomez FOR Barton
"=""0021700240""",2017-2018 Regular Season,2017-11-19,Gary Harris,Emmanuel Mudiay,Kenneth Faried,Juan Hernangomez,Trey Lyles,Brandon Ingram,Brook Lopez,Kentavious Caldwell-Pope,Julius Randle,Jordan Clarkson,3,69,92,00:04:01,00:07:59,00:00:00,482,DEN,sub,,,,,Trey Lyles,Wilson Chandler,,,,Wilson Chandler,,,,,,sub,,,,,,SUB: Lyles FOR Chandler
"=""0021700240""",2017-2018 Regular Season,2017-11-19,Gary Harris,Emmanuel Mudiay,Kenneth Faried,Juan Hernangomez,Trey Lyles,Brandon Ingram,Brook Lopez,Kentavious Caldwell-Pope,Julius Randle,Jordan Clarkson,3,71,92,00:03:44,00:08:16,00:00:17,486,DEN,shot,Emmanuel Mudiay,,,,,,,,,Gary Harris,2,,,made,,unknown,4,3,40,24.7,9.0,Harris 4' Driving Floating Jump Shot (20 PTS) (Mudiay 3 AST)
"=""0021700240""",2017-2018 Regular Season,2017-11-19,Gary Harris,Emmanuel Mudiay,Kenneth Faried,Juan Hernangomez,Trey Lyles,Brandon Ingram,Brook Lopez,Kentavious Caldwell-Pope,Julius Randle,Jordan Clarkson,3,71,92,00:03:26,00:08:34,00:00:18,488,LAL,miss,,,,,,,,,,Kentavious Caldwell-Pope,0,,,missed,,Pullup Jump Shot,26,-119,232,13.1,65.8,MISS Caldwell-Pope 26' 3PT Pullup Jump Shot
"=""0021700240""",2017-2018 Regular Season,2017-11-19,Gary Harris,Emmanuel Mudiay,Kenneth Faried,Juan Hernangomez,Trey Lyles,Brandon Ingram,Brook Lopez,Kentavious Caldwell-Pope,Julius Randle,Jordan Clarkson,3,71,92,00:03:23,00:08:37,00:00:03,489,DEN,rebound,,,,,,,,,,Trey Lyles,,,,,,rebound defensive,,,,,,Lyles REBOUND (Off:0 Def:1)
"=""0021700240""",2017-2018 Regular Season,2017-11-19,Gary Harris,Emmanuel Mudiay,Kenneth Faried,Juan Hernangomez,Trey Lyles,Brandon Ingram,Brook Lopez,Kentavious Caldwell-Pope,Julius Randle,Jordan Clarkson,3,71,92,00:03:17,00:08:43,00:00:06,490,LAL,foul,,,,,,,,Juan Hernangomez,,Brook Lopez,,,p.foul,,,p.foul,,,,,,Lopez P.FOUL (P4.T4) (M.Ervin)
"=""0021700240""",2017-2018 Regular Season,2017-11-19,Gary Harris,Emmanuel Mudiay,Kenneth Faried,Juan Hernangomez,Trey Lyles,Brandon Ingram,Kentavious Caldwell-Pope,Julius Randle,Jordan Clarkson,Corey Brewer,3,71,92,00:03:17,00:08:43,00:00:00,492,LAL,sub,,,,,Corey Brewer,Brook Lopez,,,,Brook Lopez,,,,,,sub,,,,,,SUB: Brewer FOR Lopez
"=""0021700240""",2017-2018 Regular Season,2017-11-19,Gary Harris,Emmanuel Mudiay,Kenneth Faried,Juan Hernangomez,Trey Lyles,Brandon Ingram,Kentavious Caldwell-Pope,Julius Randle,Jordan Clarkson,Corey Brewer,3,74,92,00:03:09,00:08:51,00:00:08,494,DEN,shot,Emmanuel Mudiay,,,,,,,,,Trey Lyles,3,,,made,,Jump Shot,25,-232,95,48.2,14.5,Lyles 25' 3PT Jump Shot (3 PTS) (Mudiay 4 AST)
"=""0021700240""",2017-2018 Regular Season,2017-11-19,Gary Harris,Emmanuel Mudiay,Kenneth Faried,Juan Hernangomez,Trey Lyles,Brandon Ingram,Kentavious Caldwell-Pope,Julius Randle,Jordan Clarkson,Corey Brewer,3,74,94,00:02:46,00:09:14,00:00:23,496,LAL,shot,,,,,,,,,,Jordan Clarkson,2,,,made,,Pullup Jump Shot,19,-111,155,13.9,73.5,Clarkson 19' Pullup Jump Shot (12 PTS)
"=""0021700240""",2017-2018 Regular Season,2017-11-19,Gary Harris,Emmanuel Mudiay,Kenneth Faried,Juan Hernangomez,Trey Lyles,Brandon Ingram,Kentavious Caldwell-Pope,Julius Randle,Jordan Clarkson,Corey Brewer,3,77,94,00:02:29,00:09:31,00:00:17,497,DEN,shot,Trey Lyles,,,,,,,,,Emmanuel Mudiay,3,,,made,,Jump Shot,25,-141,211,39.1,26.1,Mudiay 25' 3PT Jump Shot (3 PTS) (Lyles 1 AST)
"=""0021700240""",2017-2018 Regular Season,2017-11-19,Gary Harris,Emmanuel Mudiay,Kenneth Faried,Juan Hernangomez,Trey Lyles,Brandon Ingram,Kentavious Caldwell-Pope,Julius Randle,Jordan Clarkson,Corey Brewer,3,77,94,00:02:18,00:09:42,00:00:11,499,LAL,miss,,,,,,,,,,Brandon Ingram,0,,,missed,,Pullup Jump Shot,17,-24,165,22.6,72.5,MISS Ingram 17' Pullup Jump Shot
"=""0021700240""",2017-2018 Regular Season,2017-11-19,Gary Harris,Emmanuel Mudiay,Kenneth Faried,Juan Hernangomez,Trey Lyles,Brandon Ingram,Kentavious Caldwell-Pope,Julius Randle,Jordan Clarkson,Corey Brewer,3,77,94,00:02:14,00:09:46,00:00:04,500,DEN,rebound,,,,,,,,,,Juan Hernangomez,,,,,,rebound defensive,,,,,,Hernangomez REBOUND (Off:0 Def:1)
"=""0021700240""",2017-2018 Regular Season,2017-11-19,Gary Harris,Emmanuel Mudiay,Kenneth Faried,Juan Hernangomez,Trey Lyles,Brandon Ingram,Kentavious Caldwell-Pope,Julius Randle,Jordan Clarkson,Corey Brewer,3,77,94,00:02:11,00:09:49,00:00:03,501,DEN,miss,,,,,,,,,,Gary Harris,0,,,missed,,unknown,26,141,219,10.9,26.9,MISS Harris 26' 3PT Running Pull-Up Jump Shot
"=""0021700240""",2017-2018 Regular Season,2017-11-19,Gary Harris,Emmanuel Mudiay,Kenneth Faried,Juan Hernangomez,Trey Lyles,Brandon Ingram,Kentavious Caldwell-Pope,Julius Randle,Jordan Clarkson,Corey Brewer,3,77,94,00:02:09,00:09:51,00:00:02,502,DEN,rebound,,,,,,,,,,Emmanuel Mudiay,,,,,,rebound offensive,,,,,,Mudiay REBOUND (Off:1 Def:0)
"=""0021700240""",2017-2018 Regular Season,2017-11-19,Gary Harris,Emmanuel Mudiay,Kenneth Faried,Juan Hernangomez,Trey Lyles,Brandon Ingram,Kentavious Caldwell-Pope,Julius Randle,Jordan Clarkson,Corey Brewer,3,77,94,00:02:09,00:09:51,00:00:00,503,LAL,foul,,,,,,,,Emmanuel Mudiay,,Kentavious Caldwell-Pope,,,s.foul,,,s.foul,,,,,,Caldwell-Pope S.FOUL (P2.PN) (K.Lane)
"=""0021700240""",2017-2018 Regular Season,2017-11-19,Gary Harris,Emmanuel Mudiay,Kenneth Faried,Juan Hernangomez,Trey Lyles,Brandon Ingram,Kentavious Caldwell-Pope,Julius Randle,Jordan Clarkson,Corey Brewer,3,78,94,00:02:09,00:09:51,00:00:00,505,DEN,free throw,,,,,,,1,,2,Emmanuel Mudiay,1,,,made,,Free Throw 1 of 2,,,,,,Mudiay Free Throw 1 of 2 (4 PTS)
"=""0021700240""",2017-2018 Regular Season,2017-11-19,Gary Harris,Emmanuel Mudiay,Kenneth Faried,Juan Hernangomez,Trey Lyles,Kentavious Caldwell-Pope,Julius Randle,Jordan Clarkson,Corey Brewer,Josh Hart,3,78,94,00:02:09,00:09:51,00:00:00,506,LAL,sub,,,,,Josh Hart,Brandon Ingram,,,,Brandon Ingram,,,,,,sub,,,,,,SUB: Hart FOR Ingram
"=""0021700240""",2017-2018 Regular Season,2017-11-19,Gary Harris,Emmanuel Mudiay,Kenneth Faried,Juan Hernangomez,Trey Lyles,Kentavious Caldwell-Pope,Julius Randle,Jordan Clarkson,Corey Brewer,Josh Hart,3,79,94,00:02:09,00:09:51,00:00:00,508,DEN,free throw,,,,,,,2,,2,Emmanuel Mudiay,1,,,made,,Free Throw 2 of 2,,,,,,Mudiay Free Throw 2 of 2 (5 PTS)
"=""0021700240""",2017-2018 Regular Season,2017-11-19,Gary Harris,Emmanuel Mudiay,Kenneth Faried,Juan Hernangomez,Trey Lyles,Kentavious Caldwell-Pope,Julius Randle,Jordan Clarkson,Corey Brewer,Josh Hart,3,79,94,00:01:57,00:10:03,00:00:12,509,LAL,turnover,,,,,,,,,,Jordan Clarkson,,,,,,unknown,,,,,,Clarkson Out of Bounds - Bad Pass Turnover Turnover (P2.T11)
"=""0021700240""",2017-2018 Regular Season,2017-11-19,Gary Harris,Emmanuel Mudiay,Kenneth Faried,Juan Hernangomez,Trey Lyles,Kentavious Caldwell-Pope,Julius Randle,Jordan Clarkson,Corey Brewer,Josh Hart,3,79,94,00:01:48,00:10:12,00:00:09,510,DEN,miss,,,,,,,,,,Emmanuel Mudiay,0,,,missed,,Pullup Jump Shot,18,-90,158,34.0,20.8,MISS Mudiay 18' Pullup Jump Shot
"=""0021700240""",2017-2018 Regular Season,2017-11-19,Gary Harris,Emmanuel Mudiay,Kenneth Faried,Juan Hernangomez,Trey Lyles,Kentavious Caldwell-Pope,Julius Randle,Jordan Clarkson,Corey Brewer,Josh Hart,3,79,94,00:01:46,00:10:14,00:00:02,511,LAL,rebound,,,,,,,,,,Kentavious Caldwell-Pope,,,,,,rebound defensive,,,,,,Caldwell-Pope REBOUND (Off:1 Def:3)
"=""0021700240""",2017-2018 Regular Season,2017-11-19,Gary Harris,Emmanuel Mudiay,Kenneth Faried,Juan Hernangomez,Trey Lyles,Kentavious Caldwell-Pope,Julius Randle,Jordan Clarkson,Corey Brewer,Josh Hart,3,79,96,00:01:42,00:10:18,00:00:04,512,LAL,shot,Kentavious Caldwell-Pope,,,,,,,,,Corey Brewer,2,,,made,,Running Layup,2,-6,17,24.4,87.3,Brewer 2' Running Layup (2 PTS) (Caldwell-Pope 3 AST)
"=""0021700240""",2017-2018 Regular Season,2017-11-19,Gary Harris,Emmanuel Mudiay,Kenneth Faried,Juan Hernangomez,Trey Lyles,Kentavious Caldwell-Pope,Julius Randle,Jordan Clarkson,Corey Brewer,Josh Hart,3,79,96,00:01:42,00:10:18,00:00:00,514,DEN,foul,,,,,,,,Corey Brewer,,Kenneth Faried,,,s.foul,,,s.foul,,,,,,Faried S.FOUL (P1.T4) (M.Ervin)
"=""0021700240""",2017-2018 Regular Season,2017-11-19,Gary Harris,Emmanuel Mudiay,Kenneth Faried,Juan Hernangomez,Trey Lyles,Kentavious Caldwell-Pope,Julius Randle,Jordan Clarkson,Corey Brewer,Josh Hart,3,79,97,00:01:42,00:10:18,00:00:00,516,LAL,free throw,,,,,,,1,,1,Corey Brewer,1,,,made,,Free Throw 1 of 1,,,,,,Brewer Free Throw 1 of 1 (3 PTS)
"=""0021700240""",2017-2018 Regular Season,2017-11-19,Gary Harris,Emmanuel Mudiay,Kenneth Faried,Juan Hernangomez,Trey Lyles,Kentavious Caldwell-Pope,Julius Randle,Jordan Clarkson,Corey Brewer,Josh Hart,3,79,97,00:01:22,00:10:38,00:00:20,517,DEN,miss,,,,,,,,,,Trey Lyles,0,,,missed,,Layup,3,-25,11,27.5,6.1,MISS Lyles 3' Layup
"=""0021700240""",2017-2018 Regular Season,2017-11-19,Gary Harris,Emmanuel Mudiay,Kenneth Faried,Juan Hernangomez,Trey Lyles,Kentavious Caldwell-Pope,Julius Randle,Jordan Clarkson,Corey Brewer,Josh Hart,3,79,97,00:01:20,00:10:40,00:00:02,518,LAL,rebound,,,,,,,,,,Julius Randle,,,,,,rebound defensive,,,,,,Randle REBOUND (Off:0 Def:6)
"=""0021700240""",2017-2018 Regular Season,2017-11-19,Gary Harris,Emmanuel Mudiay,Kenneth Faried,Juan Hernangomez,Trey Lyles,Kentavious Caldwell-Pope,Julius Randle,Jordan Clarkson,Corey Brewer,Josh Hart,3,79,97,00:01:08,00:10:52,00:00:12,519,LAL,miss,,,,,,,,,,Julius Randle,0,,,missed,,unknown,7,-54,48,19.6,84.2,MISS Randle 7' Turnaround Fadeaway Bank Jump Shot
"=""0021700240""",2017-2018 Regular Season,2017-11-19,Gary Harris,Emmanuel Mudiay,Kenneth Faried,Juan Hernangomez,Trey Lyles,Kentavious Caldwell-Pope,Julius Randle,Jordan Clarkson,Corey Brewer,Josh Hart,3,79,97,00:01:04,00:10:56,00:00:04,520,DEN,rebound,,,,,,,,,,Kenneth Faried,,,,,,rebound defensive,,,,,,Faried REBOUND (Off:0 Def:2)
"=""0021700240""",2017-2018 Regular Season,2017-11-19,Gary Harris,Emmanuel Mudiay,Kenneth Faried,Juan Hernangomez,Trey Lyles,Kentavious Caldwell-Pope,Julius Randle,Jordan Clarkson,Corey Brewer,Josh Hart,3,82,97,00:00:59,00:11:01,00:00:05,521,DEN,shot,Emmanuel Mudiay,,,,,,,,,Juan Hernangomez,3,,,made,,Jump Shot,23,-222,46,47.2,9.6,Hernangomez  3PT Jump Shot (3 PTS) (Mudiay 5 AST)
"=""0021700240""",2017-2018 Regular Season,2017-11-19,Gary Harris,Emmanuel Mudiay,Kenneth Faried,Juan Hernangomez,Trey Lyles,Kentavious Caldwell-Pope,Julius Randle,Jordan Clarkson,Corey Brewer,Josh Hart,3,82,97,00:00:48,00:11:12,00:00:11,523,DEN,foul,,,,,,,,Jordan Clarkson,,Kenneth Faried,,,s.foul,,,s.foul,,,,,,Faried S.FOUL (P2.PN) (K.Lane)
"=""0021700240""",2017-2018 Regular Season,2017-11-19,Gary Harris,Emmanuel Mudiay,Kenneth Faried,Juan Hernangomez,Trey Lyles,Kentavious Caldwell-Pope,Julius Randle,Jordan Clarkson,Corey Brewer,Josh Hart,3,82,97,00:00:48,00:11:12,00:00:00,525,LAL,free throw,,,,,,,1,,2,Jordan Clarkson,0,,,missed,,Free Throw 1 of 2,,,,,,MISS Clarkson Free Throw 1 of 2
"=""0021700240""",2017-2018 Regular Season,2017-11-19,Gary Harris,Emmanuel Mudiay,Kenneth Faried,Juan Hernangomez,Trey Lyles,Kentavious Caldwell-Pope,Julius Randle,Jordan Clarkson,Corey Brewer,Josh Hart,3,82,97,00:00:48,00:11:12,00:00:00,526,,rebound,,,,,,,,,,,,,,,,team rebound,,,,,,LAKERS Rebound
"=""0021700240""",2017-2018 Regular Season,2017-11-19,Gary Harris,Emmanuel Mudiay,Kenneth Faried,Juan Hernangomez,Trey Lyles,Kentavious Caldwell-Pope,Julius Randle,Jordan Clarkson,Corey Brewer,Josh Hart,3,82,97,00:00:48,00:11:12,00:00:00,527,LAL,free throw,,,,,,,2,,2,Jordan Clarkson,0,,,missed,,Free Throw 2 of 2,,,,,,MISS Clarkson Free Throw 2 of 2
"=""0021700240""",2017-2018 Regular Season,2017-11-19,Gary Harris,Emmanuel Mudiay,Kenneth Faried,Juan Hernangomez,Trey Lyles,Kentavious Caldwell-Pope,Julius Randle,Jordan Clarkson,Corey Brewer,Josh Hart,3,82,97,00:00:46,00:11:14,00:00:02,528,DEN,rebound,,,,,,,,,,Trey Lyles,,,,,,rebound defensive,,,,,,Lyles REBOUND (Off:0 Def:2)
"=""0021700240""",2017-2018 Regular Season,2017-11-19,Gary Harris,Emmanuel Mudiay,Kenneth Faried,Juan Hernangomez,Trey Lyles,Kentavious Caldwell-Pope,Julius Randle,Jordan Clarkson,Corey Brewer,Josh Hart,3,82,97,00:00:40,00:11:20,00:00:06,529,DEN,turnover,,,,,,,,,,Trey Lyles,,,traveling ,,,traveling ,,,,,,Lyles Traveling Turnover (P1.T17)
"=""0021700240""",2017-2018 Regular Season,2017-11-19,Gary Harris,Emmanuel Mudiay,Kenneth Faried,Juan Hernangomez,Trey Lyles,Kentavious Caldwell-Pope,Julius Randle,Jordan Clarkson,Corey Brewer,Josh Hart,3,82,97,00:00:34,00:11:26,00:00:06,530,LAL,miss,,,,,,,,,,Kentavious Caldwell-Pope,0,,,missed,,Jump Shot,27,-34,264,21.6,62.6,MISS Caldwell-Pope 27' 3PT Jump Shot
"=""0021700240""",2017-2018 Regular Season,2017-11-19,Gary Harris,Emmanuel Mudiay,Kenneth Faried,Juan Hernangomez,Trey Lyles,Kentavious Caldwell-Pope,Julius Randle,Jordan Clarkson,Corey Brewer,Josh Hart,3,82,97,00:00:29,00:11:31,00:00:05,531,DEN,rebound,,,,,,,,,,Kenneth Faried,,,,,,rebound defensive,,,,,,Faried REBOUND (Off:0 Def:3)
"=""0021700240""",2017-2018 Regular Season,2017-11-19,Gary Harris,Emmanuel Mudiay,Kenneth Faried,Juan Hernangomez,Trey Lyles,Kentavious Caldwell-Pope,Julius Randle,Jordan Clarkson,Corey Brewer,Josh Hart,3,82,97,00:00:24,00:11:36,00:00:05,532,LAL,foul,,,,,,,,Emmanuel Mudiay,,Jordan Clarkson,,,s.foul,,,s.foul,,,,,,Clarkson S.FOUL (P2.PN) (K.Lane)
"=""0021700240""",2017-2018 Regular Season,2017-11-19,Gary Harris,Emmanuel Mudiay,Kenneth Faried,Juan Hernangomez,Trey Lyles,Kentavious Caldwell-Pope,Julius Randle,Jordan Clarkson,Corey Brewer,Josh Hart,3,83,97,00:00:24,00:11:36,00:00:00,534,DEN,free throw,,,,,,,1,,2,Emmanuel Mudiay,1,,,made,,Free Throw 1 of 2,,,,,,Mudiay Free Throw 1 of 2 (6 PTS)
"=""0021700240""",2017-2018 Regular Season,2017-11-19,Gary Harris,Emmanuel Mudiay,Kenneth Faried,Juan Hernangomez,Trey Lyles,Kentavious Caldwell-Pope,Julius Randle,Jordan Clarkson,Corey Brewer,Josh Hart,3,84,97,00:00:24,00:11:36,00:00:00,535,DEN,free throw,,,,,,,2,,2,Emmanuel Mudiay,1,,,made,,Free Throw 2 of 2,,,,,,Mudiay Free Throw 2 of 2 (7 PTS)
"=""0021700240""",2017-2018 Regular Season,2017-11-19,Gary Harris,Emmanuel Mudiay,Kenneth Faried,Juan Hernangomez,Trey Lyles,Kentavious Caldwell-Pope,Julius Randle,Jordan Clarkson,Corey Brewer,Josh Hart,3,84,99,00:00:03,00:11:57,00:00:21,536,LAL,shot,,,,,,,,,,Jordan Clarkson,2,,,made,,unknown,2,8,16,25.8,87.4,Clarkson 2' Driving Layup (14 PTS)
"=""0021700240""",2017-2018 Regular Season,2017-11-19,Gary Harris,Emmanuel Mudiay,Kenneth Faried,Juan Hernangomez,Trey Lyles,Kentavious Caldwell-Pope,Julius Randle,Jordan Clarkson,Corey Brewer,Josh Hart,3,84,99,00:00:00,00:12:00,00:00:03,537,DEN,miss,,,,,,,,,,Gary Harris,0,,,missed,,Running Jump Shot,43,-190,382,44.0,43.2,MISS Harris 43' 3PT Running Jump Shot
"=""0021700240""",2017-2018 Regular Season,2017-11-19,Gary Harris,Emmanuel Mudiay,Kenneth Faried,Juan Hernangomez,Trey Lyles,Kentavious Caldwell-Pope,Julius Randle,Jordan Clarkson,Corey Brewer,Josh Hart,3,84,99,00:00:00,00:12:00,00:00:00,538,,rebound,,,,,,,,,,,,,,,,team rebound,,,,,,Nuggets Rebound
"=""0021700240""",2017-2018 Regular Season,2017-11-19,Gary Harris,Emmanuel Mudiay,Kenneth Faried,Juan Hernangomez,Trey Lyles,Kentavious Caldwell-Pope,Julius Randle,Jordan Clarkson,Corey Brewer,Josh Hart,3,84,99,00:00:00,00:12:00,00:00:00,539,,end of period,,,,,,,,,,,,,,,,end of period,,,,,,
"=""0021700240""",2017-2018 Regular Season,2017-11-19,Jamal Murray,Will Barton,Kenneth Faried,Juan Hernangomez,Trey Lyles,Lonzo Ball,Julius Randle,Jordan Clarkson,Corey Brewer,Josh Hart,4,84,99,00:12:00,00:00:00,00:-12:00,546,,start of period,,,,,,,,,,,,,,,,start of period,,,,,,
"=""0021700240""",2017-2018 Regular Season,2017-11-19,Jamal Murray,Will Barton,Kenneth Faried,Juan Hernangomez,Trey Lyles,Lonzo Ball,Julius Randle,Jordan Clarkson,Corey Brewer,Josh Hart,4,84,101,00:11:44,00:00:16,00:00:16,547,LAL,shot,Corey Brewer,,,,,,,,,Jordan Clarkson,2,,,made,,unknown,3,-2,29,24.8,86.1,Clarkson 3' Cutting Finger Roll Layup Shot (16 PTS) (Brewer 3 AST)
"=""0021700240""",2017-2018 Regular Season,2017-11-19,Jamal Murray,Will Barton,Kenneth Faried,Juan Hernangomez,Trey Lyles,Lonzo Ball,Julius Randle,Jordan Clarkson,Corey Brewer,Josh Hart,4,84,101,00:11:24,00:00:36,00:00:20,549,DEN,miss,,,,,,,,,,Will Barton,0,,,missed,,Jump Shot,25,-89,235,33.9,28.5,MISS Barton 25' 3PT Jump Shot
"=""0021700240""",2017-2018 Regular Season,2017-11-19,Jamal Murray,Will Barton,Kenneth Faried,Juan Hernangomez,Trey Lyles,Lonzo Ball,Julius Randle,Jordan Clarkson,Corey Brewer,Josh Hart,4,84,101,00:11:20,00:00:40,00:00:04,550,LAL,rebound,,,,,,,,,,Josh Hart,,,,,,rebound defensive,,,,,,Hart REBOUND (Off:1 Def:1)
"=""0021700240""",2017-2018 Regular Season,2017-11-19,Jamal Murray,Will Barton,Kenneth Faried,Juan Hernangomez,Trey Lyles,Lonzo Ball,Julius Randle,Jordan Clarkson,Corey Brewer,Josh Hart,4,84,103,00:11:11,00:00:49,00:00:09,551,LAL,shot,,,,,,,,,,Julius Randle,2,,,made,,Turnaround Hook Shot,5,-6,47,24.4,84.3,Randle 5' Turnaround Hook Shot (21 PTS)
"=""0021700240""",2017-2018 Regular Season,2017-11-19,Jamal Murray,Will Barton,Kenneth Faried,Juan Hernangomez,Trey Lyles,Lonzo Ball,Julius Randle,Jordan Clarkson,Corey Brewer,Josh Hart,4,84,103,00:10:57,00:01:03,00:00:14,552,LAL,foul,,,,,,,,Trey Lyles,,Julius Randle,,,s.foul,,,s.foul,,,,,,Randle S.FOUL (P2.T1) (R.Mott)
"=""0021700240""",2017-2018 Regular Season,2017-11-19,Jamal Murray,Will Barton,Kenneth Faried,Juan Hernangomez,Trey Lyles,Lonzo Ball,Julius Randle,Jordan Clarkson,Corey Brewer,Josh Hart,4,84,103,00:10:57,00:01:03,00:00:00,554,DEN,free throw,,,,,,,1,,2,Trey Lyles,0,,,missed,,Free Throw 1 of 2,,,,,,MISS Lyles Free Throw 1 of 2
"=""0021700240""",2017-2018 Regular Season,2017-11-19,Jamal Murray,Will Barton,Kenneth Faried,Juan Hernangomez,Trey Lyles,Lonzo Ball,Julius Randle,Jordan Clarkson,Corey Brewer,Josh Hart,4,84,103,00:10:57,00:01:03,00:00:00,555,,rebound,,,,,,,,,,,,,,,,team rebound,,,,,,Nuggets Rebound
"=""0021700240""",2017-2018 Regular Season,2017-11-19,Jamal Murray,Will Barton,Juan Hernangomez,Trey Lyles,Mason Plumlee,Lonzo Ball,Julius Randle,Jordan Clarkson,Corey Brewer,Josh Hart,4,84,103,00:10:57,00:01:03,00:00:00,556,DEN,sub,,,,,Mason Plumlee,Kenneth Faried,,,,Kenneth Faried,,,,,,sub,,,,,,SUB: Plumlee FOR Faried
"=""0021700240""",2017-2018 Regular Season,2017-11-19,Jamal Murray,Will Barton,Juan Hernangomez,Trey Lyles,Mason Plumlee,Lonzo Ball,Julius Randle,Jordan Clarkson,Corey Brewer,Josh Hart,4,84,103,00:10:57,00:01:03,00:00:00,558,DEN,free throw,,,,,,,2,,2,Trey Lyles,0,,,missed,,Free Throw 2 of 2,,,,,,MISS Lyles Free Throw 2 of 2
"=""0021700240""",2017-2018 Regular Season,2017-11-19,Jamal Murray,Will Barton,Juan Hernangomez,Trey Lyles,Mason Plumlee,Lonzo Ball,Julius Randle,Jordan Clarkson,Corey Brewer,Josh Hart,4,84,103,00:10:54,00:01:06,00:00:03,559,LAL,rebound,,,,,,,,,,Julius Randle,,,,,,rebound defensive,,,,,,Randle REBOUND (Off:0 Def:7)
"=""0021700240""",2017-2018 Regular Season,2017-11-19,Jamal Murray,Will Barton,Juan Hernangomez,Trey Lyles,Mason Plumlee,Lonzo Ball,Julius Randle,Jordan Clarkson,Corey Brewer,Josh Hart,4,84,103,00:10:36,00:01:24,00:00:18,560,DEN,foul,,,,,,,,Josh Hart,,Juan Hernangomez,,,s.foul,,,s.foul,,,,,,Hernangomez S.FOUL (P2.T1) (R.Mott)
"=""0021700240""",2017-2018 Regular Season,2017-11-19,Jamal Murray,Will Barton,Juan Hernangomez,Trey Lyles,Mason Plumlee,Lonzo Ball,Julius Randle,Jordan Clarkson,Corey Brewer,Josh Hart,4,84,103,00:10:36,00:01:24,00:00:00,562,LAL,free throw,,,,,,,1,,2,Josh Hart,0,,,missed,,Free Throw 1 of 2,,,,,,MISS Hart Free Throw 1 of 2
"=""0021700240""",2017-2018 Regular Season,2017-11-19,Jamal Murray,Will Barton,Juan Hernangomez,Trey Lyles,Mason Plumlee,Lonzo Ball,Julius Randle,Jordan Clarkson,Corey Brewer,Josh Hart,4,84,103,00:10:36,00:01:24,00:00:00,563,,rebound,,,,,,,,,,,,,,,,team rebound,,,,,,LAKERS Rebound
"=""0021700240""",2017-2018 Regular Season,2017-11-19,Jamal Murray,Will Barton,Juan Hernangomez,Trey Lyles,Mason Plumlee,Lonzo Ball,Julius Randle,Jordan Clarkson,Corey Brewer,Josh Hart,4,84,104,00:10:36,00:01:24,00:00:00,564,LAL,free throw,,,,,,,2,,2,Josh Hart,1,,,made,,Free Throw 2 of 2,,,,,,Hart Free Throw 2 of 2 (3 PTS)
"=""0021700240""",2017-2018 Regular Season,2017-11-19,Jamal Murray,Will Barton,Juan Hernangomez,Trey Lyles,Mason Plumlee,Lonzo Ball,Julius Randle,Jordan Clarkson,Corey Brewer,Josh Hart,4,84,104,00:10:24,00:01:36,00:00:12,565,DEN,miss,,,,,,,,,,Jamal Murray,0,,,missed,,Pullup Jump Shot,27,98,247,15.2,29.7,MISS Murray 27' 3PT Pullup Jump Shot
"=""0021700240""",2017-2018 Regular Season,2017-11-19,Jamal Murray,Will Barton,Juan Hernangomez,Trey Lyles,Mason Plumlee,Lonzo Ball,Julius Randle,Jordan Clarkson,Corey Brewer,Josh Hart,4,84,104,00:10:21,00:01:39,00:00:03,566,LAL,rebound,,,,,,,,,,Lonzo Ball,,,,,,rebound defensive,,,,,,Ball REBOUND (Off:3 Def:10)
"=""0021700240""",2017-2018 Regular Season,2017-11-19,Jamal Murray,Will Barton,Juan Hernangomez,Trey Lyles,Mason Plumlee,Lonzo Ball,Julius Randle,Jordan Clarkson,Corey Brewer,Josh Hart,4,84,104,00:10:17,00:01:43,00:00:04,567,LAL,miss,,,,,,,,,,Jordan Clarkson,0,,,missed,,Jump Shot,25,-116,222,13.4,66.8,MISS Clarkson 25' 3PT Jump Shot
"=""0021700240""",2017-2018 Regular Season,2017-11-19,Jamal Murray,Will Barton,Juan Hernangomez,Trey Lyles,Mason Plumlee,Lonzo Ball,Julius Randle,Jordan Clarkson,Corey Brewer,Josh Hart,4,84,104,00:10:12,00:01:48,00:00:05,568,DEN,rebound,,,,,,,,,,Trey Lyles,,,,,,rebound defensive,,,,,,Lyles REBOUND (Off:0 Def:3)
"=""0021700240""",2017-2018 Regular Season,2017-11-19,Jamal Murray,Will Barton,Juan Hernangomez,Trey Lyles,Mason Plumlee,Lonzo Ball,Julius Randle,Jordan Clarkson,Corey Brewer,Josh Hart,4,86,104,00:10:08,00:01:52,00:00:04,569,DEN,shot,,,,,,,,,,Jamal Murray,2,,,made,,unknown,2,9,21,24.1,7.1,Murray 2' Driving Floating Bank Jump Shot (6 PTS)
"=""0021700240""",2017-2018 Regular Season,2017-11-19,Jamal Murray,Will Barton,Juan Hernangomez,Trey Lyles,Mason Plumlee,Lonzo Ball,Julius Randle,Jordan Clarkson,Corey Brewer,Josh Hart,4,86,106,00:09:53,00:02:07,00:00:15,570,LAL,shot,Julius Randle,,,,,,,,,Lonzo Ball,2,,,made,,Alley Oop Layup,2,10,16,26.0,87.4,Ball 2' Alley Oop Layup (11 PTS) (Randle 3 AST)
"=""0021700240""",2017-2018 Regular Season,2017-11-19,Jamal Murray,Will Barton,Juan Hernangomez,Trey Lyles,Mason Plumlee,Lonzo Ball,Julius Randle,Jordan Clarkson,Corey Brewer,Josh Hart,4,86,106,00:09:42,00:02:18,00:00:11,572,DEN,turnover,,,,,,,,,,Mason Plumlee,,,traveling ,,,traveling ,,,,,,Plumlee Traveling Turnover (P3.T18)
"=""0021700240""",2017-2018 Regular Season,2017-11-19,Jamal Murray,Will Barton,Juan Hernangomez,Trey Lyles,Mason Plumlee,Lonzo Ball,Julius Randle,Jordan Clarkson,Corey Brewer,Josh Hart,4,86,109,00:09:32,00:02:28,00:00:10,573,LAL,shot,Lonzo Ball,,,,,,,,,Julius Randle,3,,,made,,Jump Shot,28,-84,264,16.6,62.6,Randle 28' 3PT Jump Shot (24 PTS) (Ball 10 AST)
"=""0021700240""",2017-2018 Regular Season,2017-11-19,Jamal Murray,Will Barton,Juan Hernangomez,Trey Lyles,Mason Plumlee,Lonzo Ball,Julius Randle,Jordan Clarkson,Corey Brewer,Josh Hart,4,86,109,00:09:31,00:02:29,00:00:01,575,,timeout,,,,,,,,,,,,,,,, timeout: regular,,,,,,Nuggets Timeout: Regular (Reg.6 Short 0)
"=""0021700240""",2017-2018 Regular Season,2017-11-19,Jamal Murray,Will Barton,Juan Hernangomez,Trey Lyles,Mason Plumlee,Lonzo Ball,Julius Randle,Jordan Clarkson,Josh Hart,Kyle Kuzma,4,86,109,00:09:31,00:02:29,00:00:00,576,LAL,sub,,,,,Kyle Kuzma,Corey Brewer,,,,Corey Brewer,,,,,,sub,,,,,,SUB: Kuzma FOR Brewer
"=""0021700240""",2017-2018 Regular Season,2017-11-19,Jamal Murray,Will Barton,Juan Hernangomez,Trey Lyles,Mason Plumlee,Lonzo Ball,Julius Randle,Jordan Clarkson,Josh Hart,Kyle Kuzma,4,86,109,00:09:23,00:02:37,00:00:08,578,LAL,foul,,,,,,,,Mason Plumlee,,Jordan Clarkson,,,p.foul,,,p.foul,,,,,,Clarkson P.FOUL (P3.T2) (M.Ervin)
"=""0021700240""",2017-2018 Regular Season,2017-11-19,Jamal Murray,Will Barton,Juan Hernangomez,Trey Lyles,Mason Plumlee,Lonzo Ball,Julius Randle,Jordan Clarkson,Josh Hart,Kyle Kuzma,4,86,109,00:09:12,00:02:48,00:00:11,580,DEN,miss,,,,,,,,,,Jamal Murray,0,,,missed,,unknown,1,-13,6,26.3,5.6,MISS Murray 1' Driving Layup
"=""0021700240""",2017-2018 Regular Season,2017-11-19,Jamal Murray,Will Barton,Juan Hernangomez,Trey Lyles,Mason Plumlee,Lonzo Ball,Julius Randle,Jordan Clarkson,Josh Hart,Kyle Kuzma,4,86,109,00:09:07,00:02:53,00:00:05,581,DEN,rebound,,,,,,,,,,Juan Hernangomez,,,,,,rebound offensive,,,,,,Hernangomez REBOUND (Off:1 Def:1)
"=""0021700240""",2017-2018 Regular Season,2017-11-19,Jamal Murray,Will Barton,Juan Hernangomez,Trey Lyles,Mason Plumlee,Lonzo Ball,Julius Randle,Jordan Clarkson,Josh Hart,Kyle Kuzma,4,88,109,00:09:07,00:02:53,00:00:00,582,DEN,shot,,,,,,,,,,Juan Hernangomez,2,,,made,,unknown,1,0,-6,25.0,4.4,Hernangomez 1' Tip Layup Shot (5 PTS)
"=""0021700240""",2017-2018 Regular Season,2017-11-19,Jamal Murray,Will Barton,Juan Hernangomez,Trey Lyles,Mason Plumlee,Lonzo Ball,Julius Randle,Jordan Clarkson,Josh Hart,Kyle Kuzma,4,88,109,00:09:03,00:02:57,00:00:04,583,LAL,foul,,,,,,,,Jamal Murray,,Julius Randle,,,off.foul,,,off.foul,,,,,,Randle OFF.Foul (P3) (K.Lane)
"=""0021700240""",2017-2018 Regular Season,2017-11-19,Jamal Murray,Will Barton,Juan Hernangomez,Trey Lyles,Mason Plumlee,Lonzo Ball,Julius Randle,Jordan Clarkson,Josh Hart,Kyle Kuzma,4,88,109,00:09:03,00:02:57,00:00:00,585,LAL,turnover,,,,,,,,,,Julius Randle,,,offensive foul turnover,,,offensive foul turnover,,,,,,Randle Offensive Foul Turnover (P2.T12)
"=""0021700240""",2017-2018 Regular Season,2017-11-19,Jamal Murray,Will Barton,Juan Hernangomez,Trey Lyles,Mason Plumlee,Lonzo Ball,Julius Randle,Jordan Clarkson,Josh Hart,Kyle Kuzma,4,88,109,00:08:50,00:03:10,00:00:13,586,LAL,foul,,,,,,,,Will Barton,,Lonzo Ball,,,s.foul,,,s.foul,,,,,,Ball S.FOUL (P4.T3) (K.Lane)
"=""0021700240""",2017-2018 Regular Season,2017-11-19,Jamal Murray,Will Barton,Juan Hernangomez,Trey Lyles,Mason Plumlee,Lonzo Ball,Julius Randle,Jordan Clarkson,Josh Hart,Kyle Kuzma,4,88,109,00:08:50,00:03:10,00:00:00,588,DEN,free throw,,,,,,,1,,2,Will Barton,0,,,missed,,Free Throw 1 of 2,,,,,,MISS Barton Free Throw 1 of 2
"=""0021700240""",2017-2018 Regular Season,2017-11-19,Jamal Murray,Will Barton,Juan Hernangomez,Trey Lyles,Mason Plumlee,Lonzo Ball,Julius Randle,Jordan Clarkson,Josh Hart,Kyle Kuzma,4,88,109,00:08:50,00:03:10,00:00:00,589,,rebound,,,,,,,,,,,,,,,,team rebound,,,,,,Nuggets Rebound
"=""0021700240""",2017-2018 Regular Season,2017-11-19,Jamal Murray,Will Barton,Juan Hernangomez,Trey Lyles,Mason Plumlee,Lonzo Ball,Julius Randle,Jordan Clarkson,Josh Hart,Kyle Kuzma,4,89,109,00:08:50,00:03:10,00:00:00,590,DEN,free throw,,,,,,,2,,2,Will Barton,1,,,made,,Free Throw 2 of 2,,,,,,Barton Free Throw 2 of 2 (12 PTS)
"=""0021700240""",2017-2018 Regular Season,2017-11-19,Jamal Murray,Will Barton,Juan Hernangomez,Trey Lyles,Mason Plumlee,Lonzo Ball,Julius Randle,Jordan Clarkson,Josh Hart,Kyle Kuzma,4,89,111,00:08:35,00:03:25,00:00:15,591,LAL,shot,Lonzo Ball,,,,,,,,,Kyle Kuzma,2,,,made,,unknown,11,-25,106,22.5,78.4,Kuzma 11' Driving Floating Jump Shot (14 PTS) (Ball 11 AST)
"=""0021700240""",2017-2018 Regular Season,2017-11-19,Jamal Murray,Will Barton,Juan Hernangomez,Trey Lyles,Mason Plumlee,Lonzo Ball,Julius Randle,Jordan Clarkson,Josh Hart,Kyle Kuzma,4,89,111,00:08:18,00:03:42,00:00:17,593,DEN,miss,,,,,,,,,,Jamal Murray,0,,,missed,,unknown,3,-2,25,25.2,7.5,MISS Murray 3' Driving Layup
"=""0021700240""",2017-2018 Regular Season,2017-11-19,Jamal Murray,Will Barton,Juan Hernangomez,Trey Lyles,Mason Plumlee,Lonzo Ball,Julius Randle,Jordan Clarkson,Josh Hart,Kyle Kuzma,4,89,111,00:08:15,00:03:45,00:00:03,594,LAL,rebound,,,,,,,,,,Lonzo Ball,,,,,,rebound defensive,,,,,,Ball REBOUND (Off:3 Def:11)
"=""0021700240""",2017-2018 Regular Season,2017-11-19,Jamal Murray,Will Barton,Juan Hernangomez,Trey Lyles,Mason Plumlee,Lonzo Ball,Julius Randle,Jordan Clarkson,Josh Hart,Kyle Kuzma,4,89,111,00:08:11,00:03:49,00:00:04,595,LAL,turnover,,,,,,,,,,Jordan Clarkson,,,bad pass ,,Jamal Murray,bad pass ,,,,,,"Murray STEAL (2 STL), Clarkson Bad Pass Turnover (P3.T13)"
"=""0021700240""",2017-2018 Regular Season,2017-11-19,Jamal Murray,Will Barton,Juan Hernangomez,Trey Lyles,Mason Plumlee,Lonzo Ball,Julius Randle,Jordan Clarkson,Josh Hart,Kyle Kuzma,4,89,111,00:08:06,00:03:54,00:00:05,597,LAL,foul,,,,,,,,Jamal Murray,,Jordan Clarkson,,,personal block foul,,,personal block foul,,,,,,Clarkson Personal Block Foul (P4.T4) (K.Lane)
"=""0021700240""",2017-2018 Regular Season,2017-11-19,Jamal Murray,Will Barton,Juan Hernangomez,Trey Lyles,Mason Plumlee,Lonzo Ball,Julius Randle,Jordan Clarkson,Josh Hart,Kyle Kuzma,4,89,111,00:07:59,00:04:01,00:00:07,599,LAL,foul,,,,,,,,,,Kyle Kuzma,,,t.foul def. 3 sec,,,t.foul def. 3 sec,,,,,,LAKERS T.Foul (Def. 3 Sec Kuzma ) (M.Ervin)
"=""0021700240""",2017-2018 Regular Season,2017-11-19,Jamal Murray,Will Barton,Juan Hernangomez,Trey Lyles,Mason Plumlee,Lonzo Ball,Julius Randle,Jordan Clarkson,Josh Hart,Kyle Kuzma,4,90,111,00:07:59,00:04:01,00:00:00,600,DEN,free throw,,,,,,,1,,1,Jamal Murray,1,,,made,,Free Throw Technical,,,,,,Murray Free Throw Technical (7 PTS)
"=""0021700240""",2017-2018 Regular Season,2017-11-19,Jamal Murray,Will Barton,Juan Hernangomez,Trey Lyles,Mason Plumlee,Lonzo Ball,Julius Randle,Jordan Clarkson,Josh Hart,Kyle Kuzma,4,90,111,00:07:46,00:04:14,00:00:13,601,DEN,turnover,,,,,,,,,,Will Barton,,,traveling ,,,traveling ,,,,,,Barton Traveling Turnover (P4.T19)
"=""0021700240""",2017-2018 Regular Season,2017-11-19,Jamal Murray,Will Barton,Juan Hernangomez,Trey Lyles,Mason Plumlee,Lonzo Ball,Julius Randle,Jordan Clarkson,Josh Hart,Kyle Kuzma,4,90,111,00:07:29,00:04:31,00:00:17,602,LAL,miss,,,,,,,,,,Julius Randle,0,,,missed,,Jump Shot,25,-155,197,9.5,69.3,MISS Randle 25' 3PT Jump Shot
"=""0021700240""",2017-2018 Regular Season,2017-11-19,Jamal Murray,Will Barton,Juan Hernangomez,Trey Lyles,Mason Plumlee,Lonzo Ball,Julius Randle,Jordan Clarkson,Josh Hart,Kyle Kuzma,4,90,111,00:07:25,00:04:35,00:00:04,603,DEN,rebound,,,,,,,,,,Trey Lyles,,,,,,rebound defensive,,,,,,Lyles REBOUND (Off:0 Def:4)
"=""0021700240""",2017-2018 Regular Season,2017-11-19,Jamal Murray,Will Barton,Juan Hernangomez,Trey Lyles,Mason Plumlee,Lonzo Ball,Julius Randle,Jordan Clarkson,Josh Hart,Kyle Kuzma,4,90,111,00:07:14,00:04:46,00:00:11,604,DEN,miss,,,,,,,,,,Jamal Murray,0,,,missed,,Finger Roll Layup,7,-2,72,25.2,12.2,MISS Murray 7' Finger Roll Layup
"=""0021700240""",2017-2018 Regular Season,2017-11-19,Jamal Murray,Will Barton,Juan Hernangomez,Trey Lyles,Mason Plumlee,Lonzo Ball,Julius Randle,Jordan Clarkson,Josh Hart,Kyle Kuzma,4,90,111,00:07:14,00:04:46,00:00:00,605,DEN,rebound,,,,,,,,,,Jamal Murray,,,,,,rebound offensive,,,,,,Murray REBOUND (Off:2 Def:2)
"=""0021700240""",2017-2018 Regular Season,2017-11-19,Jamal Murray,Will Barton,Juan Hernangomez,Trey Lyles,Mason Plumlee,Lonzo Ball,Julius Randle,Jordan Clarkson,Josh Hart,Kyle Kuzma,4,92,111,00:07:14,00:04:46,00:00:00,606,DEN,shot,,,,,,,,,,Jamal Murray,2,,,made,,unknown,1,0,-6,25.0,4.4,Murray 1' Tip Layup Shot (9 PTS)
"=""0021700240""",2017-2018 Regular Season,2017-11-19,Jamal Murray,Will Barton,Juan Hernangomez,Trey Lyles,Mason Plumlee,Lonzo Ball,Julius Randle,Jordan Clarkson,Josh Hart,Kyle Kuzma,4,92,111,00:07:14,00:04:46,00:00:00,607,LAL,foul,,,,,,,,Jamal Murray,,Julius Randle,,,s.foul,,,s.foul,,,,,,Randle S.FOUL (P4.PN) (R.Mott)
"=""0021700240""",2017-2018 Regular Season,2017-11-19,Jamal Murray,Will Barton,Juan Hernangomez,Trey Lyles,Mason Plumlee,Lonzo Ball,Julius Randle,Jordan Clarkson,Josh Hart,Kyle Kuzma,4,92,111,00:07:14,00:04:46,00:00:00,609,,timeout,,,,,,,,,,,,,,,, timeout: regular,,,,,,LAKERS Timeout: Regular (Full 5 Short 0)
"=""0021700240""",2017-2018 Regular Season,2017-11-19,Jamal Murray,Will Barton,Juan Hernangomez,Trey Lyles,Mason Plumlee,Lonzo Ball,Julius Randle,Jordan Clarkson,Kyle Kuzma,Kentavious Caldwell-Pope,4,92,111,00:07:14,00:04:46,00:00:00,610,LAL,sub,,,,,Kentavious Caldwell-Pope,Josh Hart,,,,Josh Hart,,,,,,sub,,,,,,SUB: Caldwell-Pope FOR Hart
"=""0021700240""",2017-2018 Regular Season,2017-11-19,Jamal Murray,Will Barton,Juan Hernangomez,Trey Lyles,Mason Plumlee,Lonzo Ball,Julius Randle,Kyle Kuzma,Kentavious Caldwell-Pope,Brandon Ingram,4,92,111,00:07:14,00:04:46,00:00:00,611,LAL,sub,,,,,Brandon Ingram,Jordan Clarkson,,,,Jordan Clarkson,,,,,,sub,,,,,,SUB: Ingram FOR Clarkson
"=""0021700240""",2017-2018 Regular Season,2017-11-19,Jamal Murray,Juan Hernangomez,Trey Lyles,Mason Plumlee,Emmanuel Mudiay,Lonzo Ball,Julius Randle,Kyle Kuzma,Kentavious Caldwell-Pope,Brandon Ingram,4,92,111,00:07:14,00:04:46,00:00:00,612,DEN,sub,,,,,Emmanuel Mudiay,Will Barton,,,,Will Barton,,,,,,sub,,,,,,SUB: Mudiay FOR Barton
"=""0021700240""",2017-2018 Regular Season,2017-11-19,Jamal Murray,Juan Hernangomez,Trey Lyles,Mason Plumlee,Emmanuel Mudiay,Lonzo Ball,Julius Randle,Kyle Kuzma,Kentavious Caldwell-Pope,Brandon Ingram,4,93,111,00:07:14,00:04:46,00:00:00,616,DEN,free throw,,,,,,,1,,1,Jamal Murray,1,,,made,,Free Throw 1 of 1,,,,,,Murray Free Throw 1 of 1 (10 PTS)
"=""0021700240""",2017-2018 Regular Season,2017-11-19,Jamal Murray,Juan Hernangomez,Trey Lyles,Mason Plumlee,Emmanuel Mudiay,Lonzo Ball,Julius Randle,Kyle Kuzma,Kentavious Caldwell-Pope,Brandon Ingram,4,93,111,00:07:01,00:04:59,00:00:13,617,DEN,foul,,,,,,,,Brandon Ingram,,Mason Plumlee,,,s.foul,,,s.foul,,,,,,Plumlee S.FOUL (P3.T2) (M.Ervin)
"=""0021700240""",2017-2018 Regular Season,2017-11-19,Jamal Murray,Juan Hernangomez,Trey Lyles,Mason Plumlee,Emmanuel Mudiay,Lonzo Ball,Julius Randle,Kyle Kuzma,Kentavious Caldwell-Pope,Brandon Ingram,4,93,112,00:07:01,00:04:59,00:00:00,619,LAL,free throw,,,,,,,1,,2,Brandon Ingram,1,,,made,,Free Throw 1 of 2,,,,,,Ingram Free Throw 1 of 2 (8 PTS)
"=""0021700240""",2017-2018 Regular Season,2017-11-19,Jamal Murray,Juan Hernangomez,Trey Lyles,Mason Plumlee,Emmanuel Mudiay,Lonzo Ball,Julius Randle,Kyle Kuzma,Kentavious Caldwell-Pope,Brandon Ingram,4,93,113,00:07:01,00:04:59,00:00:00,620,LAL,free throw,,,,,,,2,,2,Brandon Ingram,1,,,made,,Free Throw 2 of 2,,,,,,Ingram Free Throw 2 of 2 (9 PTS)
"=""0021700240""",2017-2018 Regular Season,2017-11-19,Jamal Murray,Juan Hernangomez,Trey Lyles,Mason Plumlee,Emmanuel Mudiay,Lonzo Ball,Julius Randle,Kyle Kuzma,Kentavious Caldwell-Pope,Brandon Ingram,4,93,113,00:06:42,00:05:18,00:00:19,621,DEN,miss,,,,,,,,,,Juan Hernangomez,0,,,missed,,Jump Shot,26,55,255,19.5,30.5,MISS Hernangomez 26' 3PT Jump Shot
"=""0021700240""",2017-2018 Regular Season,2017-11-19,Jamal Murray,Juan Hernangomez,Trey Lyles,Mason Plumlee,Emmanuel Mudiay,Lonzo Ball,Julius Randle,Kyle Kuzma,Kentavious Caldwell-Pope,Brandon Ingram,4,93,113,00:06:33,00:05:27,00:00:09,622,DEN,rebound,,,,,,,,,,Trey Lyles,,,,,,rebound offensive,,,,,,Lyles REBOUND (Off:1 Def:4)
"=""0021700240""",2017-2018 Regular Season,2017-11-19,Jamal Murray,Juan Hernangomez,Trey Lyles,Mason Plumlee,Emmanuel Mudiay,Lonzo Ball,Julius Randle,Kyle Kuzma,Kentavious Caldwell-Pope,Brandon Ingram,4,95,113,00:06:33,00:05:27,00:00:00,623,DEN,shot,,,,,,,,,,Trey Lyles,2,,,made,,unknown,1,0,-6,25.0,4.4,Lyles 1' Tip Dunk Shot (5 PTS)
"=""0021700240""",2017-2018 Regular Season,2017-11-19,Jamal Murray,Juan Hernangomez,Trey Lyles,Mason Plumlee,Emmanuel Mudiay,Lonzo Ball,Julius Randle,Kyle Kuzma,Kentavious Caldwell-Pope,Brandon Ingram,4,95,113,00:06:27,00:05:33,00:00:06,624,LAL,miss,,,,Mason Plumlee,,,,,,Julius Randle,0,,,missed,,Alley Oop Layup,2,-8,20,24.2,87.0,"Plumlee BLOCK (3 BLK), MISS Randle 2' Alley Oop Layup"
"=""0021700240""",2017-2018 Regular Season,2017-11-19,Jamal Murray,Juan Hernangomez,Trey Lyles,Mason Plumlee,Emmanuel Mudiay,Lonzo Ball,Julius Randle,Kyle Kuzma,Kentavious Caldwell-Pope,Brandon Ingram,4,95,113,00:06:23,00:05:37,00:00:04,626,DEN,rebound,,,,,,,,,,Emmanuel Mudiay,,,,,,rebound defensive,,,,,,Mudiay REBOUND (Off:1 Def:1)
"=""0021700240""",2017-2018 Regular Season,2017-11-19,Jamal Murray,Juan Hernangomez,Trey Lyles,Mason Plumlee,Emmanuel Mudiay,Lonzo Ball,Julius Randle,Kyle Kuzma,Kentavious Caldwell-Pope,Brandon Ingram,4,97,113,00:06:21,00:05:39,00:00:02,627,DEN,shot,Jamal Murray,,,,,,,,,Juan Hernangomez,2,,,made,,unknown,2,3,24,24.7,7.4,Hernangomez 2' Cutting Layup Shot (7 PTS) (Murray 1 AST)
"=""0021700240""",2017-2018 Regular Season,2017-11-19,Jamal Murray,Juan Hernangomez,Trey Lyles,Mason Plumlee,Emmanuel Mudiay,Lonzo Ball,Julius Randle,Kyle Kuzma,Kentavious Caldwell-Pope,Brandon Ingram,4,97,113,00:06:21,00:05:39,00:00:00,629,,timeout,,,,,,,,,,,,,,,, timeout: regular,,,,,,LAKERS Timeout: Regular (Full 6 Short 0)
"=""0021700240""",2017-2018 Regular Season,2017-11-19,Jamal Murray,Juan Hernangomez,Trey Lyles,Mason Plumlee,Emmanuel Mudiay,Lonzo Ball,Julius Randle,Kyle Kuzma,Kentavious Caldwell-Pope,Brandon Ingram,4,97,116,00:06:01,00:05:59,00:00:20,630,LAL,shot,Julius Randle,,,,,,,,,Kyle Kuzma,3,,,made,,Jump Shot,26,-128,225,12.2,66.5,Kuzma 26' 3PT Jump Shot (17 PTS) (Randle 4 AST)
"=""0021700240""",2017-2018 Regular Season,2017-11-19,Jamal Murray,Juan Hernangomez,Trey Lyles,Mason Plumlee,Emmanuel Mudiay,Lonzo Ball,Julius Randle,Kyle Kuzma,Kentavious Caldwell-Pope,Brandon Ingram,4,99,116,00:05:47,00:06:13,00:00:14,632,DEN,shot,,,,,,,,,,Trey Lyles,2,,,made,,Turnaround Fadeaway ,17,-87,143,33.7,19.3,Lyles 17' Turnaround Fadeaway (7 PTS)
"=""0021700240""",2017-2018 Regular Season,2017-11-19,Jamal Murray,Juan Hernangomez,Trey Lyles,Mason Plumlee,Emmanuel Mudiay,Lonzo Ball,Julius Randle,Kyle Kuzma,Kentavious Caldwell-Pope,Brandon Ingram,4,99,119,00:05:24,00:06:36,00:00:23,633,LAL,shot,Kyle Kuzma,,,,,,,,,Kentavious Caldwell-Pope,3,,,made,,Jump Shot,24,-229,83,2.1,80.7,Caldwell-Pope 24' 3PT Jump Shot (13 PTS) (Kuzma 3 AST)
"=""0021700240""",2017-2018 Regular Season,2017-11-19,Jamal Murray,Juan Hernangomez,Trey Lyles,Mason Plumlee,Emmanuel Mudiay,Lonzo Ball,Julius Randle,Kyle Kuzma,Kentavious Caldwell-Pope,Brandon Ingram,4,99,119,00:05:04,00:06:56,00:00:20,635,DEN,miss,,,,,,,,,,Trey Lyles,0,,,missed,,Jump Shot,23,-234,11,48.4,6.1,MISS Lyles  3PT Jump Shot
"=""0021700240""",2017-2018 Regular Season,2017-11-19,Jamal Murray,Juan Hernangomez,Trey Lyles,Mason Plumlee,Emmanuel Mudiay,Lonzo Ball,Julius Randle,Kyle Kuzma,Kentavious Caldwell-Pope,Brandon Ingram,4,99,119,00:05:02,00:06:58,00:00:02,636,LAL,rebound,,,,,,,,,,Kentavious Caldwell-Pope,,,,,,rebound defensive,,,,,,Caldwell-Pope REBOUND (Off:1 Def:4)
"=""0021700240""",2017-2018 Regular Season,2017-11-19,Jamal Murray,Juan Hernangomez,Trey Lyles,Mason Plumlee,Emmanuel Mudiay,Lonzo Ball,Julius Randle,Kyle Kuzma,Kentavious Caldwell-Pope,Brandon Ingram,4,99,119,00:04:58,00:07:02,00:00:04,637,LAL,miss,,,,,,,,,,Kyle Kuzma,0,,,missed,,Jump Bank Shot,2,19,8,26.9,88.2,MISS Kuzma 2' Jump Bank Shot
"=""0021700240""",2017-2018 Regular Season,2017-11-19,Jamal Murray,Juan Hernangomez,Trey Lyles,Mason Plumlee,Emmanuel Mudiay,Lonzo Ball,Julius Randle,Kyle Kuzma,Kentavious Caldwell-Pope,Brandon Ingram,4,99,119,00:04:54,00:07:06,00:00:04,638,DEN,rebound,,,,,,,,,,Trey Lyles,,,,,,rebound defensive,,,,,,Lyles REBOUND (Off:1 Def:5)
"=""0021700240""",2017-2018 Regular Season,2017-11-19,Jamal Murray,Juan Hernangomez,Trey Lyles,Mason Plumlee,Emmanuel Mudiay,Lonzo Ball,Julius Randle,Kyle Kuzma,Kentavious Caldwell-Pope,Brandon Ingram,4,99,119,00:04:39,00:07:21,00:00:15,639,DEN,turnover,,,,,,,,,,Jamal Murray,,,lost ball ,,Kentavious Caldwell-Pope,lost ball ,,,,,,"Murray Lost Ball Turnover (P3.T20), Caldwell-Pope STEAL (4 STL)"
"=""0021700240""",2017-2018 Regular Season,2017-11-19,Jamal Murray,Juan Hernangomez,Trey Lyles,Mason Plumlee,Emmanuel Mudiay,Lonzo Ball,Julius Randle,Kyle Kuzma,Kentavious Caldwell-Pope,Brandon Ingram,4,99,119,00:04:37,00:07:23,00:00:02,641,LAL,turnover,,,,,,,,,,Kyle Kuzma,,,bad pass ,,Emmanuel Mudiay,bad pass ,,,,,,"Mudiay STEAL (2 STL), Kuzma Bad Pass Turnover (P2.T14)"
"=""0021700240""",2017-2018 Regular Season,2017-11-19,Jamal Murray,Juan Hernangomez,Trey Lyles,Mason Plumlee,Emmanuel Mudiay,Lonzo Ball,Julius Randle,Kyle Kuzma,Kentavious Caldwell-Pope,Brandon Ingram,4,101,119,00:04:34,00:07:26,00:00:03,643,DEN,shot,Emmanuel Mudiay,,,,,,,,,Trey Lyles,2,,,made,,unknown,3,9,25,24.1,7.5,Lyles 3' Driving Dunk (9 PTS) (Mudiay 6 AST)
"=""0021700240""",2017-2018 Regular Season,2017-11-19,Jamal Murray,Juan Hernangomez,Trey Lyles,Mason Plumlee,Emmanuel Mudiay,Lonzo Ball,Julius Randle,Kyle Kuzma,Kentavious Caldwell-Pope,Brandon Ingram,4,101,119,00:04:34,00:07:26,00:00:00,645,LAL,foul,,,,,,,,Trey Lyles,,Kyle Kuzma,,,s.foul,,,s.foul,,,,,,Kuzma S.FOUL (P2.PN) (K.Lane)
"=""0021700240""",2017-2018 Regular Season,2017-11-19,Juan Hernangomez,Trey Lyles,Mason Plumlee,Emmanuel Mudiay,Richard Jefferson,Lonzo Ball,Julius Randle,Kyle Kuzma,Kentavious Caldwell-Pope,Brandon Ingram,4,101,119,00:04:34,00:07:26,00:00:00,647,DEN,sub,,,,,Richard Jefferson,Jamal Murray,,,,Jamal Murray,,,,,,sub,,,,,,SUB: Jefferson FOR Murray
"=""0021700240""",2017-2018 Regular Season,2017-11-19,Juan Hernangomez,Trey Lyles,Mason Plumlee,Emmanuel Mudiay,Richard Jefferson,Lonzo Ball,Julius Randle,Kyle Kuzma,Kentavious Caldwell-Pope,Brandon Ingram,4,102,119,00:04:34,00:07:26,00:00:00,649,DEN,free throw,,,,,,,1,,1,Trey Lyles,1,,,made,,Free Throw 1 of 1,,,,,,Lyles Free Throw 1 of 1 (10 PTS)
"=""0021700240""",2017-2018 Regular Season,2017-11-19,Juan Hernangomez,Trey Lyles,Mason Plumlee,Emmanuel Mudiay,Richard Jefferson,Lonzo Ball,Julius Randle,Kyle Kuzma,Kentavious Caldwell-Pope,Brandon Ingram,4,102,119,00:04:15,00:07:45,00:00:19,650,LAL,turnover,,,,,,,,,,Kyle Kuzma,,,lost ball ,,Emmanuel Mudiay,lost ball ,,,,,,"Mudiay STEAL (3 STL), Kuzma Lost Ball Turnover (P3.T15)"
"=""0021700240""",2017-2018 Regular Season,2017-11-19,Juan Hernangomez,Trey Lyles,Mason Plumlee,Emmanuel Mudiay,Richard Jefferson,Lonzo Ball,Julius Randle,Kyle Kuzma,Kentavious Caldwell-Pope,Brandon Ingram,4,102,119,00:04:11,00:07:49,00:00:04,652,LAL,foul,,,,,,,,Mason Plumlee,,Kentavious Caldwell-Pope,,,s.foul,,,s.foul,,,,,,Caldwell-Pope S.FOUL (P3.PN) (M.Ervin)
"=""0021700240""",2017-2018 Regular Season,2017-11-19,Juan Hernangomez,Trey Lyles,Mason Plumlee,Emmanuel Mudiay,Richard Jefferson,Lonzo Ball,Julius Randle,Kyle Kuzma,Kentavious Caldwell-Pope,Brandon Ingram,4,102,119,00:04:11,00:07:49,00:00:00,654,DEN,free throw,,,,,,,1,,2,Mason Plumlee,0,,,missed,,Free Throw 1 of 2,,,,,,MISS Plumlee Free Throw 1 of 2
"=""0021700240""",2017-2018 Regular Season,2017-11-19,Juan Hernangomez,Trey Lyles,Mason Plumlee,Emmanuel Mudiay,Richard Jefferson,Lonzo Ball,Julius Randle,Kyle Kuzma,Kentavious Caldwell-Pope,Brandon Ingram,4,102,119,00:04:11,00:07:49,00:00:00,655,,rebound,,,,,,,,,,,,,,,,team rebound,,,,,,Nuggets Rebound
"=""0021700240""",2017-2018 Regular Season,2017-11-19,Juan Hernangomez,Trey Lyles,Mason Plumlee,Emmanuel Mudiay,Richard Jefferson,Lonzo Ball,Julius Randle,Kentavious Caldwell-Pope,Brandon Ingram,Jordan Clarkson,4,102,119,00:04:11,00:07:49,00:00:00,656,LAL,sub,,,,,Jordan Clarkson,Kyle Kuzma,,,,Kyle Kuzma,,,,,,sub,,,,,,SUB: Clarkson FOR Kuzma
"=""0021700240""",2017-2018 Regular Season,2017-11-19,Juan Hernangomez,Trey Lyles,Mason Plumlee,Emmanuel Mudiay,Richard Jefferson,Lonzo Ball,Julius Randle,Kentavious Caldwell-Pope,Brandon Ingram,Jordan Clarkson,4,102,119,00:04:11,00:07:49,00:00:00,658,DEN,free throw,,,,,,,2,,2,Mason Plumlee,0,,,missed,,Free Throw 2 of 2,,,,,,MISS Plumlee Free Throw 2 of 2
"=""0021700240""",2017-2018 Regular Season,2017-11-19,Juan Hernangomez,Trey Lyles,Mason Plumlee,Emmanuel Mudiay,Richard Jefferson,Lonzo Ball,Julius Randle,Kentavious Caldwell-Pope,Brandon Ingram,Jordan Clarkson,4,102,119,00:04:03,00:07:57,00:00:08,659,LAL,rebound,,,,,,,,,,Lonzo Ball,,,,,,rebound defensive,,,,,,Ball REBOUND (Off:3 Def:12)
"=""0021700240""",2017-2018 Regular Season,2017-11-19,Juan Hernangomez,Trey Lyles,Mason Plumlee,Emmanuel Mudiay,Richard Jefferson,Lonzo Ball,Julius Randle,Kentavious Caldwell-Pope,Brandon Ingram,Jordan Clarkson,4,102,119,00:03:56,00:08:04,00:00:07,660,LAL,miss,,,,Mason Plumlee,,,,,,Brandon Ingram,0,,,missed,,Layup,6,-25,60,22.5,83.0,"Plumlee BLOCK (4 BLK), MISS Ingram 7' Layup"
"=""0021700240""",2017-2018 Regular Season,2017-11-19,Juan Hernangomez,Trey Lyles,Mason Plumlee,Emmanuel Mudiay,Richard Jefferson,Lonzo Ball,Julius Randle,Kentavious Caldwell-Pope,Brandon Ingram,Jordan Clarkson,4,102,119,00:03:50,00:08:10,00:00:06,662,DEN,rebound,,,,,,,,,,Juan Hernangomez,,,,,,rebound defensive,,,,,,Hernangomez REBOUND (Off:1 Def:2)
"=""0021700240""",2017-2018 Regular Season,2017-11-19,Juan Hernangomez,Trey Lyles,Mason Plumlee,Emmanuel Mudiay,Richard Jefferson,Lonzo Ball,Julius Randle,Kentavious Caldwell-Pope,Brandon Ingram,Jordan Clarkson,4,102,119,00:03:48,00:08:12,00:00:02,663,DEN,miss,,,,,,,,,,Emmanuel Mudiay,0,,,missed,,Jump Shot,3,0,29,25.0,7.9,MISS Mudiay 3' Jump Shot
"=""0021700240""",2017-2018 Regular Season,2017-11-19,Juan Hernangomez,Trey Lyles,Mason Plumlee,Emmanuel Mudiay,Richard Jefferson,Lonzo Ball,Julius Randle,Kentavious Caldwell-Pope,Brandon Ingram,Jordan Clarkson,4,102,119,00:03:48,00:08:12,00:00:00,664,LAL,rebound,,,,,,,,,,Lonzo Ball,,,,,,rebound defensive,,,,,,Ball REBOUND (Off:3 Def:13)
"=""0021700240""",2017-2018 Regular Season,2017-11-19,Juan Hernangomez,Trey Lyles,Mason Plumlee,Emmanuel Mudiay,Richard Jefferson,Lonzo Ball,Julius Randle,Kentavious Caldwell-Pope,Brandon Ingram,Jordan Clarkson,4,102,121,00:03:40,00:08:20,00:00:08,665,LAL,shot,,,,,,,,,,Kentavious Caldwell-Pope,2,,,made,,unknown,15,55,141,30.5,74.9,Caldwell-Pope 15' Running Pull-Up Jump Shot (15 PTS)
"=""0021700240""",2017-2018 Regular Season,2017-11-19,Juan Hernangomez,Trey Lyles,Mason Plumlee,Emmanuel Mudiay,Richard Jefferson,Lonzo Ball,Julius Randle,Kentavious Caldwell-Pope,Brandon Ingram,Jordan Clarkson,4,102,121,00:03:15,00:08:45,00:00:25,666,DEN,miss,,,,,,,,,,Richard Jefferson,0,,,missed,,Driving Reverse Layup,3,5,29,24.5,7.9,MISS Jefferson 3' Driving Reverse Layup
"=""0021700240""",2017-2018 Regular Season,2017-11-19,Juan Hernangomez,Trey Lyles,Mason Plumlee,Emmanuel Mudiay,Richard Jefferson,Lonzo Ball,Julius Randle,Kentavious Caldwell-Pope,Brandon Ingram,Jordan Clarkson,4,102,121,00:03:12,00:08:48,00:00:03,667,LAL,rebound,,,,,,,,,,Brandon Ingram,,,,,,rebound defensive,,,,,,Ingram REBOUND (Off:0 Def:3)
"=""0021700240""",2017-2018 Regular Season,2017-11-19,Juan Hernangomez,Trey Lyles,Mason Plumlee,Emmanuel Mudiay,Richard Jefferson,Lonzo Ball,Julius Randle,Kentavious Caldwell-Pope,Brandon Ingram,Jordan Clarkson,4,102,123,00:03:02,00:08:58,00:00:10,668,LAL,shot,Julius Randle,,,,,,,,,Jordan Clarkson,2,,,made,,unknown,1,-6,13,24.4,87.7,Clarkson 1' Cutting Dunk Shot (18 PTS) (Randle 5 AST)
"=""0021700240""",2017-2018 Regular Season,2017-11-19,Juan Hernangomez,Trey Lyles,Mason Plumlee,Emmanuel Mudiay,Richard Jefferson,Lonzo Ball,Julius Randle,Kentavious Caldwell-Pope,Brandon Ingram,Jordan Clarkson,4,105,123,00:02:43,00:09:17,00:00:19,670,DEN,shot,Juan Hernangomez,,,,,,,,,Emmanuel Mudiay,3,,,made,,Jump Shot,23,-222,40,47.2,9.0,Mudiay  3PT Jump Shot (10 PTS) (Hernangomez 1 AST)
"=""0021700240""",2017-2018 Regular Season,2017-11-19,Juan Hernangomez,Trey Lyles,Mason Plumlee,Emmanuel Mudiay,Richard Jefferson,Lonzo Ball,Julius Randle,Kentavious Caldwell-Pope,Brandon Ingram,Jordan Clarkson,4,105,125,00:02:23,00:09:37,00:00:20,672,LAL,shot,,,,,,,,,,Brandon Ingram,2,,,made,,Driving Finger Roll Layup,3,-7,28,24.3,86.2,Ingram 3' Driving Finger Roll Layup (11 PTS)
"=""0021700240""",2017-2018 Regular Season,2017-11-19,Juan Hernangomez,Trey Lyles,Mason Plumlee,Emmanuel Mudiay,Richard Jefferson,Lonzo Ball,Julius Randle,Kentavious Caldwell-Pope,Brandon Ingram,Jordan Clarkson,4,105,125,00:02:02,00:09:58,00:00:21,673,LAL,foul,,,,,,,,Mason Plumlee,,Brandon Ingram,,,s.foul,,,s.foul,,,,,,Ingram S.FOUL (P5.PN) (K.Lane)
"=""0021700240""",2017-2018 Regular Season,2017-11-19,Juan Hernangomez,Trey Lyles,Mason Plumlee,Emmanuel Mudiay,Richard Jefferson,Lonzo Ball,Julius Randle,Kentavious Caldwell-Pope,Brandon Ingram,Jordan Clarkson,4,105,125,00:02:02,00:09:58,00:00:00,675,DEN,free throw,,,,,,,1,,2,Mason Plumlee,0,,,missed,,Free Throw 1 of 2,,,,,,MISS Plumlee Free Throw 1 of 2
"=""0021700240""",2017-2018 Regular Season,2017-11-19,Juan Hernangomez,Trey Lyles,Mason Plumlee,Emmanuel Mudiay,Richard Jefferson,Lonzo Ball,Julius Randle,Kentavious Caldwell-Pope,Brandon Ingram,Jordan Clarkson,4,105,125,00:02:02,00:09:58,00:00:00,676,,rebound,,,,,,,,,,,,,,,,team rebound,,,,,,Nuggets Rebound
"=""0021700240""",2017-2018 Regular Season,2017-11-19,Juan Hernangomez,Trey Lyles,Mason Plumlee,Emmanuel Mudiay,Richard Jefferson,Julius Randle,Kentavious Caldwell-Pope,Brandon Ingram,Jordan Clarkson,Ivica Zubac,4,105,125,00:02:02,00:09:58,00:00:00,677,LAL,sub,,,,,Ivica Zubac,Lonzo Ball,,,,Lonzo Ball,,,,,,sub,,,,,,SUB: Zubac FOR Ball
"=""0021700240""",2017-2018 Regular Season,2017-11-19,Juan Hernangomez,Trey Lyles,Mason Plumlee,Emmanuel Mudiay,Richard Jefferson,Kentavious Caldwell-Pope,Brandon Ingram,Jordan Clarkson,Ivica Zubac,Josh Hart,4,105,125,00:02:02,00:09:58,00:00:00,678,LAL,sub,,,,,Josh Hart,Julius Randle,,,,Julius Randle,,,,,,sub,,,,,,SUB: Hart FOR Randle
"=""0021700240""",2017-2018 Regular Season,2017-11-19,Juan Hernangomez,Trey Lyles,Mason Plumlee,Emmanuel Mudiay,Richard Jefferson,Kentavious Caldwell-Pope,Brandon Ingram,Jordan Clarkson,Ivica Zubac,Josh Hart,4,105,125,00:02:02,00:09:58,00:00:00,681,DEN,free throw,,,,,,,2,,2,Mason Plumlee,0,,,missed,,Free Throw 2 of 2,,,,,,MISS Plumlee Free Throw 2 of 2
"=""0021700240""",2017-2018 Regular Season,2017-11-19,Juan Hernangomez,Trey Lyles,Mason Plumlee,Emmanuel Mudiay,Richard Jefferson,Kentavious Caldwell-Pope,Brandon Ingram,Jordan Clarkson,Ivica Zubac,Josh Hart,4,105,125,00:01:58,00:10:02,00:00:04,682,LAL,rebound,,,,,,,,,,Brandon Ingram,,,,,,rebound defensive,,,,,,Ingram REBOUND (Off:0 Def:4)
"=""0021700240""",2017-2018 Regular Season,2017-11-19,Juan Hernangomez,Trey Lyles,Mason Plumlee,Emmanuel Mudiay,Richard Jefferson,Kentavious Caldwell-Pope,Brandon Ingram,Jordan Clarkson,Ivica Zubac,Josh Hart,4,105,125,00:01:42,00:10:18,00:00:16,683,LAL,miss,,,,,,,,,,Josh Hart,0,,,missed,,Jump Shot,26,-150,215,10.0,67.5,MISS Hart 26' 3PT Jump Shot
"=""0021700240""",2017-2018 Regular Season,2017-11-19,Juan Hernangomez,Trey Lyles,Mason Plumlee,Emmanuel Mudiay,Richard Jefferson,Kentavious Caldwell-Pope,Brandon Ingram,Jordan Clarkson,Ivica Zubac,Josh Hart,4,105,125,00:01:37,00:10:23,00:00:05,684,LAL,rebound,,,,,,,,,,Brandon Ingram,,,,,,rebound offensive,,,,,,Ingram REBOUND (Off:1 Def:4)
"=""0021700240""",2017-2018 Regular Season,2017-11-19,Juan Hernangomez,Trey Lyles,Mason Plumlee,Emmanuel Mudiay,Richard Jefferson,Kentavious Caldwell-Pope,Brandon Ingram,Jordan Clarkson,Ivica Zubac,Josh Hart,4,105,125,00:01:27,00:10:33,00:00:10,685,LAL,miss,,,,,,,,,,Kentavious Caldwell-Pope,0,,,missed,,Jump Shot,26,145,210,39.5,68.0,MISS Caldwell-Pope 26' 3PT Jump Shot
"=""0021700240""",2017-2018 Regular Season,2017-11-19,Juan Hernangomez,Trey Lyles,Mason Plumlee,Emmanuel Mudiay,Richard Jefferson,Kentavious Caldwell-Pope,Brandon Ingram,Jordan Clarkson,Ivica Zubac,Josh Hart,4,105,125,00:01:22,00:10:38,00:00:05,686,DEN,rebound,,,,,,,,,,Trey Lyles,,,,,,rebound defensive,,,,,,Lyles REBOUND (Off:1 Def:6)
"=""0021700240""",2017-2018 Regular Season,2017-11-19,Juan Hernangomez,Trey Lyles,Mason Plumlee,Emmanuel Mudiay,Richard Jefferson,Kentavious Caldwell-Pope,Brandon Ingram,Jordan Clarkson,Ivica Zubac,Josh Hart,4,107,125,00:01:20,00:10:40,00:00:02,687,DEN,shot,Emmanuel Mudiay,,,,,,,,,Mason Plumlee,2,,,made,,unknown,3,-6,25,25.6,7.5,Plumlee 3' Running Alley Oop Dunk Shot (8 PTS) (Mudiay 7 AST)
"=""0021700240""",2017-2018 Regular Season,2017-11-19,Juan Hernangomez,Trey Lyles,Mason Plumlee,Emmanuel Mudiay,Richard Jefferson,Kentavious Caldwell-Pope,Brandon Ingram,Jordan Clarkson,Ivica Zubac,Josh Hart,4,107,125,00:01:06,00:10:54,00:00:14,689,LAL,miss,,,,,,,,,,Jordan Clarkson,0,,,missed,,Driving Finger Roll Layup,1,2,12,25.2,87.8,MISS Clarkson 1' Driving Finger Roll Layup
"=""0021700240""",2017-2018 Regular Season,2017-11-19,Juan Hernangomez,Trey Lyles,Mason Plumlee,Emmanuel Mudiay,Richard Jefferson,Kentavious Caldwell-Pope,Brandon Ingram,Jordan Clarkson,Ivica Zubac,Josh Hart,4,107,125,00:01:04,00:10:56,00:00:02,690,DEN,rebound,,,,,,,,,,Juan Hernangomez,,,,,,rebound defensive,,,,,,Hernangomez REBOUND (Off:1 Def:3)
"=""0021700240""",2017-2018 Regular Season,2017-11-19,Juan Hernangomez,Trey Lyles,Mason Plumlee,Emmanuel Mudiay,Richard Jefferson,Kentavious Caldwell-Pope,Brandon Ingram,Jordan Clarkson,Ivica Zubac,Josh Hart,4,109,125,00:00:55,00:11:05,00:00:09,691,DEN,shot,Richard Jefferson,,,,,,,,,Mason Plumlee,2,,,made,,unknown,2,13,14,23.7,6.4,Plumlee 2' Driving Layup (10 PTS) (Jefferson 1 AST)
"=""0021700240""",2017-2018 Regular Season,2017-11-19,Juan Hernangomez,Trey Lyles,Mason Plumlee,Emmanuel Mudiay,Richard Jefferson,Kentavious Caldwell-Pope,Brandon Ingram,Jordan Clarkson,Ivica Zubac,Josh Hart,4,109,127,00:00:36,00:11:24,00:00:19,693,LAL,shot,,,,,,,,,,Brandon Ingram,2,,,made,,Jump Shot,19,-35,184,21.5,70.6,Ingram 19' Jump Shot (13 PTS)
"=""0021700240""",2017-2018 Regular Season,2017-11-19,Juan Hernangomez,Trey Lyles,Mason Plumlee,Emmanuel Mudiay,Richard Jefferson,Kentavious Caldwell-Pope,Brandon Ingram,Jordan Clarkson,Ivica Zubac,Josh Hart,4,109,127,00:00:25,00:11:35,00:00:11,694,DEN,turnover,,,,,,,,,,Trey Lyles,,,lost ball ,,Josh Hart,lost ball ,,,,,,"Lyles Lost Ball Turnover (P2.T21), Hart STEAL (1 STL)"
"=""0021700240""",2017-2018 Regular Season,2017-11-19,Juan Hernangomez,Trey Lyles,Mason Plumlee,Emmanuel Mudiay,Richard Jefferson,Kentavious Caldwell-Pope,Brandon Ingram,Jordan Clarkson,Ivica Zubac,Josh Hart,4,109,127,00:00:03,00:11:57,00:00:22,696,LAL,miss,,,,Juan Hernangomez,,,,,,Brandon Ingram,0,,,missed,,Jump Shot,27,79,253,32.9,63.7,"Hernangomez BLOCK (1 BLK), MISS Ingram 27' 3PT Jump Shot"
"=""0021700240""",2017-2018 Regular Season,2017-11-19,Juan Hernangomez,Trey Lyles,Mason Plumlee,Emmanuel Mudiay,Richard Jefferson,Kentavious Caldwell-Pope,Brandon Ingram,Jordan Clarkson,Ivica Zubac,Josh Hart,4,109,127,00:00:00,00:12:00,00:00:03,698,DEN,rebound,,,,,,,,,,Trey Lyles,,,,,,rebound defensive,,,,,,Lyles REBOUND (Off:1 Def:7)
"=""0021700240""",2017-2018 Regular Season,2017-11-19,Juan Hernangomez,Trey Lyles,Mason Plumlee,Emmanuel Mudiay,Richard Jefferson,Kentavious Caldwell-Pope,Brandon Ingram,Jordan Clarkson,Ivica Zubac,Josh Hart,4,109,127,00:00:00,00:12:00,00:00:00,699,DEN,miss,,,,,,,,,,Trey Lyles,0,,,missed,,Running Jump Shot,39,-53,386,30.3,43.6,MISS Lyles 39' 3PT Running Jump Shot
"=""0021700240""",2017-2018 Regular Season,2017-11-19,Juan Hernangomez,Trey Lyles,Mason Plumlee,Emmanuel Mudiay,Richard Jefferson,Kentavious Caldwell-Pope,Brandon Ingram,Jordan Clarkson,Ivica Zubac,Josh Hart,4,109,127,00:00:00,00:12:00,00:00:00,700,,rebound,,,,,,,,,,,,,,,,team rebound,,,,,,Nuggets Rebound
"=""0021700240""",2017-2018 Regular Season,2017-11-19,Juan Hernangomez,Trey Lyles,Mason Plumlee,Emmanuel Mudiay,Richard Jefferson,Kentavious Caldwell-Pope,Brandon Ingram,Jordan Clarkson,Ivica Zubac,Josh Hart,4,109,127,00:00:00,00:12:00,00:00:00,701,,end of period,,,,,,,,,,,,,,,,end of period,,,,,,
